-3 0.2 1.00000000000000
-3 0.198 1.00000000000000
-3 0.196 1.00000000000000
-3 0.194 1.00000000000000
-3 0.192 1.00000000000000
-3 0.19 1.00000000000000
-2.96 0.2 1.00000000000000
-2.96 0.198 1.00000000000000
-2.96 0.196 1.00000000000000
-2.96 0.194 1.00000000000000
-2.96 0.192 1.00000000000000
-2.96 0.19 1.00000000000000
-2.96 0.188 1.00000000000000
-2.96 0.186 1.00000000000000
-2.92 0.2 1.00000000000000
-2.92 0.198 1.00000000000000
-2.92 0.196 1.00000000000000
-2.92 0.194 1.00000000000000
-2.92 0.192 1.00000000000000
-2.92 0.19 1.00000000000000
-2.92 0.188 1.00000000000000
-2.92 0.186 1.00000000000000
-2.92 0.184 1.00000000000000
-2.92 0.182 1.00000000000000
-2.88 0.2 1.00000000000000
-2.88 0.198 1.00000000000000
-2.88 0.196 1.00000000000000
-2.88 0.194 1.00000000000000
-2.88 0.192 1.00000000000000
-2.88 0.19 1.00000000000000
-2.88 0.188 1.00000000000000
-2.88 0.186 1.00000000000000
-2.88 0.184 1.00000000000000
-2.88 0.182 1.00000000000000
-2.88 0.18 1.00000000000000
-2.84 0.2 1.00000000000000
-2.84 0.198 1.00000000000000
-2.84 0.196 1.00000000000000
-2.84 0.194 1.00000000000000
-2.84 0.192 1.00000000000000
-2.84 0.19 1.00000000000000
-2.84 0.188 1.00000000000000
-2.84 0.186 1.00000000000000
-2.84 0.184 1.00000000000000
-2.84 0.182 1.00000000000000
-2.84 0.18 1.00000000000000
-2.84 0.178 1.00000000000000
-2.84 0.176 1.00000000000000
-2.8 0.2 1.00000000000000
-2.8 0.198 1.00000000000000
-2.8 0.196 1.00000000000000
-2.8 0.194 1.00000000000000
-2.8 0.192 1.00000000000000
-2.8 0.19 1.00000000000000
-2.8 0.188 1.00000000000000
-2.8 0.186 1.00000000000000
-2.8 0.184 1.00000000000000
-2.8 0.182 1.00000000000000
-2.8 0.18 1.00000000000000
-2.8 0.178 1.00000000000000
-2.8 0.176 1.00000000000000
-2.8 0.174 1.00000000000000
-2.8 0.172 1.00000000000000
-2.76 0.2 1.00000000000000
-2.76 0.198 1.00000000000000
-2.76 0.196 1.00000000000000
-2.76 0.194 1.00000000000000
-2.76 0.192 1.00000000000000
-2.76 0.19 1.00000000000000
-2.76 0.188 1.00000000000000
-2.76 0.186 1.00000000000000
-2.76 0.184 1.00000000000000
-2.76 0.182 1.00000000000000
-2.76 0.18 1.00000000000000
-2.76 0.178 1.00000000000000
-2.76 0.176 1.00000000000000
-2.76 0.174 1.00000000000000
-2.76 0.172 1.00000000000000
-2.76 0.17 1.00000000000000
-2.76 0.168 1.00000000000000
-2.72 0.2 1.00000000000000
-2.72 0.198 1.00000000000000
-2.72 0.196 1.00000000000000
-2.72 0.194 1.00000000000000
-2.72 0.192 1.00000000000000
-2.72 0.19 1.00000000000000
-2.72 0.188 1.00000000000000
-2.72 0.186 1.00000000000000
-2.72 0.184 1.00000000000000
-2.72 0.182 1.00000000000000
-2.72 0.18 1.00000000000000
-2.72 0.178 1.00000000000000
-2.72 0.176 1.00000000000000
-2.72 0.174 1.00000000000000
-2.72 0.172 1.00000000000000
-2.72 0.17 1.00000000000000
-2.72 0.168 1.00000000000000
-2.72 0.166 1.00000000000000
-2.68 0.2 1.00000000000000
-2.68 0.198 1.00000000000000
-2.68 0.196 1.00000000000000
-2.68 0.194 1.00000000000000
-2.68 0.192 1.00000000000000
-2.68 0.19 1.00000000000000
-2.68 0.188 1.00000000000000
-2.68 0.186 1.00000000000000
-2.68 0.184 1.00000000000000
-2.68 0.182 1.00000000000000
-2.68 0.18 1.00000000000000
-2.68 0.178 1.00000000000000
-2.68 0.176 1.00000000000000
-2.68 0.174 1.00000000000000
-2.68 0.172 1.00000000000000
-2.68 0.17 1.00000000000000
-2.68 0.168 1.00000000000000
-2.68 0.166 1.00000000000000
-2.68 0.164 1.00000000000000
-2.68 0.162 1.00000000000000
-2.64 0.2 1.00000000000000
-2.64 0.198 1.00000000000000
-2.64 0.196 1.00000000000000
-2.64 0.194 1.00000000000000
-2.64 0.192 1.00000000000000
-2.64 0.19 1.00000000000000
-2.64 0.188 1.00000000000000
-2.64 0.186 1.00000000000000
-2.64 0.184 1.00000000000000
-2.64 0.182 1.00000000000000
-2.64 0.18 1.00000000000000
-2.64 0.178 1.00000000000000
-2.64 0.176 1.00000000000000
-2.64 0.174 1.00000000000000
-2.64 0.172 1.00000000000000
-2.64 0.17 1.00000000000000
-2.64 0.168 1.00000000000000
-2.64 0.166 1.00000000000000
-2.64 0.164 1.00000000000000
-2.64 0.162 1.00000000000000
-2.64 0.16 1.00000000000000
-2.64 0.158 1.00000000000000
-2.6 0.2 1.00000000000000
-2.6 0.198 1.00000000000000
-2.6 0.196 1.00000000000000
-2.6 0.194 1.00000000000000
-2.6 0.192 1.00000000000000
-2.6 0.19 1.00000000000000
-2.6 0.188 1.00000000000000
-2.6 0.186 1.00000000000000
-2.6 0.184 1.00000000000000
-2.6 0.182 1.00000000000000
-2.6 0.18 1.00000000000000
-2.6 0.178 1.00000000000000
-2.6 0.176 1.00000000000000
-2.6 0.174 1.00000000000000
-2.6 0.172 1.00000000000000
-2.6 0.17 1.00000000000000
-2.6 0.168 1.00000000000000
-2.6 0.166 1.00000000000000
-2.6 0.164 1.00000000000000
-2.6 0.162 1.00000000000000
-2.6 0.16 1.00000000000000
-2.6 0.158 1.00000000000000
-2.6 0.156 1.00000000000000
-2.6 0.154 1.00000000000000
-2.56 0.2 1.00000000000000
-2.56 0.198 1.00000000000000
-2.56 0.196 1.00000000000000
-2.56 0.194 1.00000000000000
-2.56 0.192 1.00000000000000
-2.56 0.19 1.00000000000000
-2.56 0.188 1.00000000000000
-2.56 0.186 1.00000000000000
-2.56 0.184 1.00000000000000
-2.56 0.182 1.00000000000000
-2.56 0.18 1.00000000000000
-2.56 0.178 1.00000000000000
-2.56 0.176 1.00000000000000
-2.56 0.174 1.00000000000000
-2.56 0.172 1.00000000000000
-2.56 0.17 1.00000000000000
-2.56 0.168 1.00000000000000
-2.56 0.166 1.00000000000000
-2.56 0.164 1.00000000000000
-2.56 0.162 1.00000000000000
-2.56 0.16 1.00000000000000
-2.56 0.158 1.00000000000000
-2.56 0.156 1.00000000000000
-2.56 0.154 1.00000000000000
-2.56 0.152 1.00000000000000
-2.52 0.2 1.00000000000000
-2.52 0.198 1.00000000000000
-2.52 0.196 1.00000000000000
-2.52 0.194 1.00000000000000
-2.52 0.192 1.00000000000000
-2.52 0.19 1.00000000000000
-2.52 0.188 1.00000000000000
-2.52 0.186 1.00000000000000
-2.52 0.184 1.00000000000000
-2.52 0.182 1.00000000000000
-2.52 0.18 1.00000000000000
-2.52 0.178 1.00000000000000
-2.52 0.176 1.00000000000000
-2.52 0.174 1.00000000000000
-2.52 0.172 1.00000000000000
-2.52 0.17 1.00000000000000
-2.52 0.168 1.00000000000000
-2.52 0.166 1.00000000000000
-2.52 0.164 1.00000000000000
-2.52 0.162 1.00000000000000
-2.52 0.16 1.00000000000000
-2.52 0.158 1.00000000000000
-2.52 0.156 1.00000000000000
-2.52 0.154 1.00000000000000
-2.52 0.152 1.00000000000000
-2.52 0.15 1.00000000000000
-2.52 0.148 1.00000000000000
-2.48 0.2 1.00000000000000
-2.48 0.198 1.00000000000000
-2.48 0.196 1.00000000000000
-2.48 0.194 1.00000000000000
-2.48 0.192 1.00000000000000
-2.48 0.19 1.00000000000000
-2.48 0.188 1.00000000000000
-2.48 0.186 1.00000000000000
-2.48 0.184 1.00000000000000
-2.48 0.182 1.00000000000000
-2.48 0.18 1.00000000000000
-2.48 0.178 1.00000000000000
-2.48 0.176 1.00000000000000
-2.48 0.174 1.00000000000000
-2.48 0.172 1.00000000000000
-2.48 0.17 1.00000000000000
-2.48 0.168 1.00000000000000
-2.48 0.166 1.00000000000000
-2.48 0.164 1.00000000000000
-2.48 0.162 1.00000000000000
-2.48 0.16 1.00000000000000
-2.48 0.158 1.00000000000000
-2.48 0.156 1.00000000000000
-2.48 0.154 1.00000000000000
-2.48 0.152 1.00000000000000
-2.48 0.15 1.00000000000000
-2.48 0.148 1.00000000000000
-2.48 0.146 1.00000000000000
-2.48 0.144 1.00000000000000
-2.44 0.2 1.00000000000000
-2.44 0.198 1.00000000000000
-2.44 0.196 1.00000000000000
-2.44 0.194 1.00000000000000
-2.44 0.192 1.00000000000000
-2.44 0.19 1.00000000000000
-2.44 0.188 1.00000000000000
-2.44 0.186 1.00000000000000
-2.44 0.184 1.00000000000000
-2.44 0.182 1.00000000000000
-2.44 0.18 1.00000000000000
-2.44 0.178 1.00000000000000
-2.44 0.176 1.00000000000000
-2.44 0.174 1.00000000000000
-2.44 0.172 1.00000000000000
-2.44 0.17 1.00000000000000
-2.44 0.168 1.00000000000000
-2.44 0.166 1.00000000000000
-2.44 0.164 1.00000000000000
-2.44 0.162 1.00000000000000
-2.44 0.16 1.00000000000000
-2.44 0.158 1.00000000000000
-2.44 0.156 1.00000000000000
-2.44 0.154 1.00000000000000
-2.44 0.152 1.00000000000000
-2.44 0.15 1.00000000000000
-2.44 0.148 1.00000000000000
-2.44 0.146 1.00000000000000
-2.44 0.144 1.00000000000000
-2.44 0.142 1.00000000000000
-2.44 0.14 1.00000000000000
-2.4 0.2 1.00000000000000
-2.4 0.198 1.00000000000000
-2.4 0.196 1.00000000000000
-2.4 0.194 1.00000000000000
-2.4 0.192 1.00000000000000
-2.4 0.19 1.00000000000000
-2.4 0.188 1.00000000000000
-2.4 0.186 1.00000000000000
-2.4 0.184 1.00000000000000
-2.4 0.182 1.00000000000000
-2.4 0.18 1.00000000000000
-2.4 0.178 1.00000000000000
-2.4 0.176 1.00000000000000
-2.4 0.174 1.00000000000000
-2.4 0.172 1.00000000000000
-2.4 0.17 1.00000000000000
-2.4 0.168 1.00000000000000
-2.4 0.166 1.00000000000000
-2.4 0.164 1.00000000000000
-2.4 0.162 1.00000000000000
-2.4 0.16 1.00000000000000
-2.4 0.158 1.00000000000000
-2.4 0.156 1.00000000000000
-2.4 0.154 1.00000000000000
-2.4 0.152 1.00000000000000
-2.4 0.15 1.00000000000000
-2.4 0.148 1.00000000000000
-2.4 0.146 1.00000000000000
-2.4 0.144 1.00000000000000
-2.4 0.142 1.00000000000000
-2.4 0.14 1.00000000000000
-2.4 0.138 1.00000000000000
-2.36 0.2 1.00000000000000
-2.36 0.198 1.00000000000000
-2.36 0.196 1.00000000000000
-2.36 0.194 1.00000000000000
-2.36 0.192 1.00000000000000
-2.36 0.19 1.00000000000000
-2.36 0.188 1.00000000000000
-2.36 0.186 1.00000000000000
-2.36 0.184 1.00000000000000
-2.36 0.182 1.00000000000000
-2.36 0.18 1.00000000000000
-2.36 0.178 1.00000000000000
-2.36 0.176 1.00000000000000
-2.36 0.174 1.00000000000000
-2.36 0.172 1.00000000000000
-2.36 0.17 1.00000000000000
-2.36 0.168 1.00000000000000
-2.36 0.166 1.00000000000000
-2.36 0.164 1.00000000000000
-2.36 0.162 1.00000000000000
-2.36 0.16 1.00000000000000
-2.36 0.158 1.00000000000000
-2.36 0.156 1.00000000000000
-2.36 0.154 1.00000000000000
-2.36 0.152 1.00000000000000
-2.36 0.15 1.00000000000000
-2.36 0.148 1.00000000000000
-2.36 0.146 1.00000000000000
-2.36 0.144 1.00000000000000
-2.36 0.142 1.00000000000000
-2.36 0.14 1.00000000000000
-2.36 0.138 1.00000000000000
-2.36 0.136 1.00000000000000
-2.36 0.134 1.00000000000000
-2.32 0.2 1.00000000000000
-2.32 0.198 1.00000000000000
-2.32 0.196 1.00000000000000
-2.32 0.194 1.00000000000000
-2.32 0.192 1.00000000000000
-2.32 0.19 1.00000000000000
-2.32 0.188 1.00000000000000
-2.32 0.186 1.00000000000000
-2.32 0.184 1.00000000000000
-2.32 0.182 1.00000000000000
-2.32 0.18 1.00000000000000
-2.32 0.178 1.00000000000000
-2.32 0.176 1.00000000000000
-2.32 0.174 1.00000000000000
-2.32 0.172 1.00000000000000
-2.32 0.17 1.00000000000000
-2.32 0.168 1.00000000000000
-2.32 0.166 1.00000000000000
-2.32 0.164 1.00000000000000
-2.32 0.162 1.00000000000000
-2.32 0.16 1.00000000000000
-2.32 0.158 1.00000000000000
-2.32 0.156 1.00000000000000
-2.32 0.154 1.00000000000000
-2.32 0.152 1.00000000000000
-2.32 0.15 1.00000000000000
-2.32 0.148 1.00000000000000
-2.32 0.146 1.00000000000000
-2.32 0.144 1.00000000000000
-2.32 0.142 1.00000000000000
-2.32 0.14 1.00000000000000
-2.32 0.138 1.00000000000000
-2.32 0.136 1.00000000000000
-2.32 0.134 1.00000000000000
-2.32 0.132 1.00000000000000
-2.32 0.13 1.00000000000000
-2.28 0.2 1.00000000000000
-2.28 0.198 1.00000000000000
-2.28 0.196 1.00000000000000
-2.28 0.194 1.00000000000000
-2.28 0.192 1.00000000000000
-2.28 0.19 1.00000000000000
-2.28 0.188 1.00000000000000
-2.28 0.186 1.00000000000000
-2.28 0.184 1.00000000000000
-2.28 0.182 1.00000000000000
-2.28 0.18 1.00000000000000
-2.28 0.178 1.00000000000000
-2.28 0.176 1.00000000000000
-2.28 0.174 1.00000000000000
-2.28 0.172 1.00000000000000
-2.28 0.17 1.00000000000000
-2.28 0.168 1.00000000000000
-2.28 0.166 1.00000000000000
-2.28 0.164 1.00000000000000
-2.28 0.162 1.00000000000000
-2.28 0.16 1.00000000000000
-2.28 0.158 1.00000000000000
-2.28 0.156 1.00000000000000
-2.28 0.154 1.00000000000000
-2.28 0.152 1.00000000000000
-2.28 0.15 1.00000000000000
-2.28 0.148 1.00000000000000
-2.28 0.146 1.00000000000000
-2.28 0.144 1.00000000000000
-2.28 0.142 1.00000000000000
-2.28 0.14 1.00000000000000
-2.28 0.138 1.00000000000000
-2.28 0.136 1.00000000000000
-2.28 0.134 1.00000000000000
-2.28 0.132 1.00000000000000
-2.28 0.13 1.00000000000000
-2.28 0.128 1.00000000000000
-2.28 0.126 1.00000000000000
-2.24 0.2 1.00000000000000
-2.24 0.198 1.00000000000000
-2.24 0.196 1.00000000000000
-2.24 0.194 1.00000000000000
-2.24 0.192 1.00000000000000
-2.24 0.19 1.00000000000000
-2.24 0.188 1.00000000000000
-2.24 0.186 1.00000000000000
-2.24 0.184 1.00000000000000
-2.24 0.182 1.00000000000000
-2.24 0.18 1.00000000000000
-2.24 0.178 1.00000000000000
-2.24 0.176 1.00000000000000
-2.24 0.174 1.00000000000000
-2.24 0.172 1.00000000000000
-2.24 0.17 1.00000000000000
-2.24 0.168 1.00000000000000
-2.24 0.166 1.00000000000000
-2.24 0.164 1.00000000000000
-2.24 0.162 1.00000000000000
-2.24 0.16 1.00000000000000
-2.24 0.158 1.00000000000000
-2.24 0.156 1.00000000000000
-2.24 0.154 1.00000000000000
-2.24 0.152 1.00000000000000
-2.24 0.15 1.00000000000000
-2.24 0.148 1.00000000000000
-2.24 0.146 1.00000000000000
-2.24 0.144 1.00000000000000
-2.24 0.142 1.00000000000000
-2.24 0.14 1.00000000000000
-2.24 0.138 1.00000000000000
-2.24 0.136 1.00000000000000
-2.24 0.134 1.00000000000000
-2.24 0.132 1.00000000000000
-2.24 0.13 1.00000000000000
-2.24 0.128 1.00000000000000
-2.24 0.126 1.00000000000000
-2.24 0.124 1.00000000000000
-2.2 0.2 1.00000000000000
-2.2 0.198 1.00000000000000
-2.2 0.196 1.00000000000000
-2.2 0.194 1.00000000000000
-2.2 0.192 1.00000000000000
-2.2 0.19 1.00000000000000
-2.2 0.188 1.00000000000000
-2.2 0.186 1.00000000000000
-2.2 0.184 1.00000000000000
-2.2 0.182 1.00000000000000
-2.2 0.18 1.00000000000000
-2.2 0.178 1.00000000000000
-2.2 0.176 1.00000000000000
-2.2 0.174 1.00000000000000
-2.2 0.172 1.00000000000000
-2.2 0.17 1.00000000000000
-2.2 0.168 1.00000000000000
-2.2 0.166 1.00000000000000
-2.2 0.164 1.00000000000000
-2.2 0.162 1.00000000000000
-2.2 0.16 1.00000000000000
-2.2 0.158 1.00000000000000
-2.2 0.156 1.00000000000000
-2.2 0.154 1.00000000000000
-2.2 0.152 1.00000000000000
-2.2 0.15 1.00000000000000
-2.2 0.148 1.00000000000000
-2.2 0.146 1.00000000000000
-2.2 0.144 1.00000000000000
-2.2 0.142 1.00000000000000
-2.2 0.14 1.00000000000000
-2.2 0.138 1.00000000000000
-2.2 0.136 1.00000000000000
-2.2 0.134 1.00000000000000
-2.2 0.132 1.00000000000000
-2.2 0.13 1.00000000000000
-2.2 0.128 1.00000000000000
-2.2 0.126 1.00000000000000
-2.2 0.124 1.00000000000000
-2.2 0.122 1.00000000000000
-2.2 0.12 1.00000000000000
-2.16 0.2 1.00000000000000
-2.16 0.198 1.00000000000000
-2.16 0.196 1.00000000000000
-2.16 0.194 1.00000000000000
-2.16 0.192 1.00000000000000
-2.16 0.19 1.00000000000000
-2.16 0.188 1.00000000000000
-2.16 0.186 1.00000000000000
-2.16 0.184 1.00000000000000
-2.16 0.182 1.00000000000000
-2.16 0.18 1.00000000000000
-2.16 0.178 1.00000000000000
-2.16 0.176 1.00000000000000
-2.16 0.174 1.00000000000000
-2.16 0.172 1.00000000000000
-2.16 0.17 1.00000000000000
-2.16 0.168 1.00000000000000
-2.16 0.166 1.00000000000000
-2.16 0.164 1.00000000000000
-2.16 0.162 1.00000000000000
-2.16 0.16 1.00000000000000
-2.16 0.158 1.00000000000000
-2.16 0.156 1.00000000000000
-2.16 0.154 1.00000000000000
-2.16 0.152 1.00000000000000
-2.16 0.15 1.00000000000000
-2.16 0.148 1.00000000000000
-2.16 0.146 1.00000000000000
-2.16 0.144 1.00000000000000
-2.16 0.142 1.00000000000000
-2.16 0.14 1.00000000000000
-2.16 0.138 1.00000000000000
-2.16 0.136 1.00000000000000
-2.16 0.134 1.00000000000000
-2.16 0.132 1.00000000000000
-2.16 0.13 1.00000000000000
-2.16 0.128 1.00000000000000
-2.16 0.126 1.00000000000000
-2.16 0.124 1.00000000000000
-2.16 0.122 1.00000000000000
-2.16 0.12 1.00000000000000
-2.16 0.118 1.00000000000000
-2.16 0.116 1.00000000000000
-2.12 0.2 1.00000000000000
-2.12 0.198 1.00000000000000
-2.12 0.196 1.00000000000000
-2.12 0.194 1.00000000000000
-2.12 0.192 1.00000000000000
-2.12 0.19 1.00000000000000
-2.12 0.188 1.00000000000000
-2.12 0.186 1.00000000000000
-2.12 0.184 1.00000000000000
-2.12 0.182 1.00000000000000
-2.12 0.18 1.00000000000000
-2.12 0.178 1.00000000000000
-2.12 0.176 1.00000000000000
-2.12 0.174 1.00000000000000
-2.12 0.172 1.00000000000000
-2.12 0.17 1.00000000000000
-2.12 0.168 1.00000000000000
-2.12 0.166 1.00000000000000
-2.12 0.164 1.00000000000000
-2.12 0.162 1.00000000000000
-2.12 0.16 1.00000000000000
-2.12 0.158 1.00000000000000
-2.12 0.156 1.00000000000000
-2.12 0.154 1.00000000000000
-2.12 0.152 1.00000000000000
-2.12 0.15 1.00000000000000
-2.12 0.148 1.00000000000000
-2.12 0.146 1.00000000000000
-2.12 0.144 1.00000000000000
-2.12 0.142 1.00000000000000
-2.12 0.14 1.00000000000000
-2.12 0.138 1.00000000000000
-2.12 0.136 1.00000000000000
-2.12 0.134 1.00000000000000
-2.12 0.132 1.00000000000000
-2.12 0.13 1.00000000000000
-2.12 0.128 1.00000000000000
-2.12 0.126 1.00000000000000
-2.12 0.124 1.00000000000000
-2.12 0.122 1.00000000000000
-2.12 0.12 1.00000000000000
-2.12 0.118 1.00000000000000
-2.12 0.116 1.00000000000000
-2.12 0.114 1.00000000000000
-2.12 0.112 1.00000000000000
-2.08 0.2 1.00000000000000
-2.08 0.198 1.00000000000000
-2.08 0.196 1.00000000000000
-2.08 0.194 1.00000000000000
-2.08 0.192 1.00000000000000
-2.08 0.19 1.00000000000000
-2.08 0.188 1.00000000000000
-2.08 0.186 1.00000000000000
-2.08 0.184 1.00000000000000
-2.08 0.182 1.00000000000000
-2.08 0.18 1.00000000000000
-2.08 0.178 1.00000000000000
-2.08 0.176 1.00000000000000
-2.08 0.174 1.00000000000000
-2.08 0.172 1.00000000000000
-2.08 0.17 1.00000000000000
-2.08 0.168 1.00000000000000
-2.08 0.166 1.00000000000000
-2.08 0.164 1.00000000000000
-2.08 0.162 1.00000000000000
-2.08 0.16 1.00000000000000
-2.08 0.158 1.00000000000000
-2.08 0.156 1.00000000000000
-2.08 0.154 1.00000000000000
-2.08 0.152 1.00000000000000
-2.08 0.15 1.00000000000000
-2.08 0.148 1.00000000000000
-2.08 0.146 1.00000000000000
-2.08 0.144 1.00000000000000
-2.08 0.142 1.00000000000000
-2.08 0.14 1.00000000000000
-2.08 0.138 1.00000000000000
-2.08 0.136 1.00000000000000
-2.08 0.134 1.00000000000000
-2.08 0.132 1.00000000000000
-2.08 0.13 1.00000000000000
-2.08 0.128 1.00000000000000
-2.08 0.126 1.00000000000000
-2.08 0.124 1.00000000000000
-2.08 0.122 1.00000000000000
-2.08 0.12 1.00000000000000
-2.08 0.118 1.00000000000000
-2.08 0.116 1.00000000000000
-2.08 0.114 1.00000000000000
-2.08 0.112 1.00000000000000
-2.08 0.11 1.00000000000000
-2.04 0.2 1.00000000000000
-2.04 0.198 1.00000000000000
-2.04 0.196 1.00000000000000
-2.04 0.194 1.00000000000000
-2.04 0.192 1.00000000000000
-2.04 0.19 1.00000000000000
-2.04 0.188 1.00000000000000
-2.04 0.186 1.00000000000000
-2.04 0.184 1.00000000000000
-2.04 0.182 1.00000000000000
-2.04 0.18 1.00000000000000
-2.04 0.178 1.00000000000000
-2.04 0.176 1.00000000000000
-2.04 0.174 1.00000000000000
-2.04 0.172 1.00000000000000
-2.04 0.17 1.00000000000000
-2.04 0.168 1.00000000000000
-2.04 0.166 1.00000000000000
-2.04 0.164 1.00000000000000
-2.04 0.162 1.00000000000000
-2.04 0.16 1.00000000000000
-2.04 0.158 1.00000000000000
-2.04 0.156 1.00000000000000
-2.04 0.154 1.00000000000000
-2.04 0.152 1.00000000000000
-2.04 0.15 1.00000000000000
-2.04 0.148 1.00000000000000
-2.04 0.146 1.00000000000000
-2.04 0.144 1.00000000000000
-2.04 0.142 1.00000000000000
-2.04 0.14 1.00000000000000
-2.04 0.138 1.00000000000000
-2.04 0.136 1.00000000000000
-2.04 0.134 1.00000000000000
-2.04 0.132 1.00000000000000
-2.04 0.13 1.00000000000000
-2.04 0.128 1.00000000000000
-2.04 0.126 1.00000000000000
-2.04 0.124 1.00000000000000
-2.04 0.122 1.00000000000000
-2.04 0.12 1.00000000000000
-2.04 0.118 1.00000000000000
-2.04 0.116 1.00000000000000
-2.04 0.114 1.00000000000000
-2.04 0.112 1.00000000000000
-2.04 0.11 1.00000000000000
-2.04 0.108 1.00000000000000
-2.04 0.106 1.00000000000000
-2 0.198 1.00000000000000
-2 0.196 1.00000000000000
-2 0.194 1.00000000000000
-2 0.192 1.00000000000000
-2 0.19 1.00000000000000
-2 0.188 1.00000000000000
-2 0.186 1.00000000000000
-2 0.184 1.00000000000000
-2 0.182 1.00000000000000
-2 0.18 1.00000000000000
-2 0.178 1.00000000000000
-2 0.176 1.00000000000000
-2 0.174 1.00000000000000
-2 0.172 1.00000000000000
-2 0.17 1.00000000000000
-2 0.168 1.00000000000000
-2 0.166 1.00000000000000
-2 0.164 1.00000000000000
-2 0.162 1.00000000000000
-2 0.16 1.00000000000000
-2 0.158 1.00000000000000
-2 0.156 1.00000000000000
-2 0.154 1.00000000000000
-2 0.152 1.00000000000000
-2 0.15 1.00000000000000
-2 0.148 1.00000000000000
-2 0.146 1.00000000000000
-2 0.144 1.00000000000000
-2 0.142 1.00000000000000
-2 0.14 1.00000000000000
-2 0.138 1.00000000000000
-2 0.136 1.00000000000000
-2 0.134 1.00000000000000
-2 0.132 1.00000000000000
-2 0.13 1.00000000000000
-2 0.128 1.00000000000000
-2 0.126 1.00000000000000
-2 0.124 1.00000000000000
-2 0.122 1.00000000000000
-2 0.12 1.00000000000000
-2 0.118 1.00000000000000
-2 0.116 1.00000000000000
-2 0.114 1.00000000000000
-2 0.112 1.00000000000000
-2 0.11 1.00000000000000
-2 0.108 1.00000000000000
-2 0.106 1.00000000000000
-2 0.104 1.00000000000000
-2 0.102 1.00000000000000
-1.96 0.192 1.00000000000000
-1.96 0.19 1.00000000000000
-1.96 0.188 1.00000000000000
-1.96 0.186 1.00000000000000
-1.96 0.184 1.00000000000000
-1.96 0.182 1.00000000000000
-1.96 0.18 1.00000000000000
-1.96 0.178 1.00000000000000
-1.96 0.176 1.00000000000000
-1.96 0.174 1.00000000000000
-1.96 0.172 1.00000000000000
-1.96 0.17 1.00000000000000
-1.96 0.168 1.00000000000000
-1.96 0.166 1.00000000000000
-1.96 0.164 1.00000000000000
-1.96 0.162 1.00000000000000
-1.96 0.16 1.00000000000000
-1.96 0.158 1.00000000000000
-1.96 0.156 1.00000000000000
-1.96 0.154 1.00000000000000
-1.96 0.152 1.00000000000000
-1.96 0.15 1.00000000000000
-1.96 0.148 1.00000000000000
-1.96 0.146 1.00000000000000
-1.96 0.144 1.00000000000000
-1.96 0.142 1.00000000000000
-1.96 0.14 1.00000000000000
-1.96 0.138 1.00000000000000
-1.96 0.136 1.00000000000000
-1.96 0.134 1.00000000000000
-1.96 0.132 1.00000000000000
-1.96 0.13 1.00000000000000
-1.96 0.128 1.00000000000000
-1.96 0.126 1.00000000000000
-1.96 0.124 1.00000000000000
-1.96 0.122 1.00000000000000
-1.96 0.12 1.00000000000000
-1.96 0.118 1.00000000000000
-1.96 0.116 1.00000000000000
-1.96 0.114 1.00000000000000
-1.96 0.112 1.00000000000000
-1.96 0.11 1.00000000000000
-1.96 0.108 1.00000000000000
-1.96 0.106 1.00000000000000
-1.96 0.104 1.00000000000000
-1.96 0.102 1.00000000000000
-1.96 0.1 1.00000000000000
-1.96 0.098 1.00000000000000
-1.92 0.184 1.00000000000000
-1.92 0.182 1.00000000000000
-1.92 0.18 1.00000000000000
-1.92 0.178 1.00000000000000
-1.92 0.176 1.00000000000000
-1.92 0.174 1.00000000000000
-1.92 0.172 1.00000000000000
-1.92 0.17 1.00000000000000
-1.92 0.168 1.00000000000000
-1.92 0.166 1.00000000000000
-1.92 0.164 1.00000000000000
-1.92 0.162 1.00000000000000
-1.92 0.16 1.00000000000000
-1.92 0.158 1.00000000000000
-1.92 0.156 1.00000000000000
-1.92 0.154 1.00000000000000
-1.92 0.152 1.00000000000000
-1.92 0.15 1.00000000000000
-1.92 0.148 1.00000000000000
-1.92 0.146 1.00000000000000
-1.92 0.144 1.00000000000000
-1.92 0.142 1.00000000000000
-1.92 0.14 1.00000000000000
-1.92 0.138 1.00000000000000
-1.92 0.136 1.00000000000000
-1.92 0.134 1.00000000000000
-1.92 0.132 1.00000000000000
-1.92 0.13 1.00000000000000
-1.92 0.128 1.00000000000000
-1.92 0.126 1.00000000000000
-1.92 0.124 1.00000000000000
-1.92 0.122 1.00000000000000
-1.92 0.12 1.00000000000000
-1.92 0.118 1.00000000000000
-1.92 0.116 1.00000000000000
-1.92 0.114 1.00000000000000
-1.92 0.112 1.00000000000000
-1.92 0.11 1.00000000000000
-1.92 0.108 1.00000000000000
-1.92 0.106 1.00000000000000
-1.92 0.104 1.00000000000000
-1.92 0.102 1.00000000000000
-1.92 0.1 1.00000000000000
-1.92 0.098 1.00000000000000
-1.92 0.096 1.00000000000000
-1.92 0.094 1.00000000000000
-1.88 0.176 1.00000000000000
-1.88 0.174 1.00000000000000
-1.88 0.172 1.00000000000000
-1.88 0.17 1.00000000000000
-1.88 0.168 1.00000000000000
-1.88 0.166 1.00000000000000
-1.88 0.164 1.00000000000000
-1.88 0.162 1.00000000000000
-1.88 0.16 1.00000000000000
-1.88 0.158 1.00000000000000
-1.88 0.156 1.00000000000000
-1.88 0.154 1.00000000000000
-1.88 0.152 1.00000000000000
-1.88 0.15 1.00000000000000
-1.88 0.148 1.00000000000000
-1.88 0.146 1.00000000000000
-1.88 0.144 1.00000000000000
-1.88 0.142 1.00000000000000
-1.88 0.14 1.00000000000000
-1.88 0.138 1.00000000000000
-1.88 0.136 1.00000000000000
-1.88 0.134 1.00000000000000
-1.88 0.132 1.00000000000000
-1.88 0.13 1.00000000000000
-1.88 0.128 1.00000000000000
-1.88 0.126 1.00000000000000
-1.88 0.124 1.00000000000000
-1.88 0.122 1.00000000000000
-1.88 0.12 1.00000000000000
-1.88 0.118 1.00000000000000
-1.88 0.116 1.00000000000000
-1.88 0.114 1.00000000000000
-1.88 0.112 1.00000000000000
-1.88 0.11 1.00000000000000
-1.88 0.108 1.00000000000000
-1.88 0.106 1.00000000000000
-1.88 0.104 1.00000000000000
-1.88 0.102 1.00000000000000
-1.88 0.1 1.00000000000000
-1.88 0.098 1.00000000000000
-1.88 0.096 1.00000000000000
-1.88 0.094 1.00000000000000
-1.88 0.092 1.00000000000000
-1.84 0.17 1.00000000000000
-1.84 0.168 1.00000000000000
-1.84 0.166 1.00000000000000
-1.84 0.164 1.00000000000000
-1.84 0.162 1.00000000000000
-1.84 0.16 1.00000000000000
-1.84 0.158 1.00000000000000
-1.84 0.156 1.00000000000000
-1.84 0.154 1.00000000000000
-1.84 0.152 1.00000000000000
-1.84 0.15 1.00000000000000
-1.84 0.148 1.00000000000000
-1.84 0.146 1.00000000000000
-1.84 0.144 1.00000000000000
-1.84 0.142 1.00000000000000
-1.84 0.14 1.00000000000000
-1.84 0.138 1.00000000000000
-1.84 0.136 1.00000000000000
-1.84 0.134 1.00000000000000
-1.84 0.132 1.00000000000000
-1.84 0.13 1.00000000000000
-1.84 0.128 1.00000000000000
-1.84 0.126 1.00000000000000
-1.84 0.124 1.00000000000000
-1.84 0.122 1.00000000000000
-1.84 0.12 1.00000000000000
-1.84 0.118 1.00000000000000
-1.84 0.116 1.00000000000000
-1.84 0.114 1.00000000000000
-1.84 0.112 1.00000000000000
-1.84 0.11 1.00000000000000
-1.84 0.108 1.00000000000000
-1.84 0.106 1.00000000000000
-1.84 0.104 1.00000000000000
-1.84 0.102 1.00000000000000
-1.84 0.1 1.00000000000000
-1.84 0.098 1.00000000000000
-1.84 0.096 1.00000000000000
-1.84 0.094 1.00000000000000
-1.84 0.092 1.00000000000000
-1.84 0.09 1.00000000000000
-1.84 0.088 1.00000000000000
-1.8 0.162 1.00000000000000
-1.8 0.16 1.00000000000000
-1.8 0.158 1.00000000000000
-1.8 0.156 1.00000000000000
-1.8 0.154 1.00000000000000
-1.8 0.152 1.00000000000000
-1.8 0.15 1.00000000000000
-1.8 0.148 1.00000000000000
-1.8 0.146 1.00000000000000
-1.8 0.144 1.00000000000000
-1.8 0.142 1.00000000000000
-1.8 0.14 1.00000000000000
-1.8 0.138 1.00000000000000
-1.8 0.136 1.00000000000000
-1.8 0.134 1.00000000000000
-1.8 0.132 1.00000000000000
-1.8 0.13 1.00000000000000
-1.8 0.128 1.00000000000000
-1.8 0.126 1.00000000000000
-1.8 0.124 1.00000000000000
-1.8 0.122 1.00000000000000
-1.8 0.12 1.00000000000000
-1.8 0.118 1.00000000000000
-1.8 0.116 1.00000000000000
-1.8 0.114 1.00000000000000
-1.8 0.112 1.00000000000000
-1.8 0.11 1.00000000000000
-1.8 0.108 1.00000000000000
-1.8 0.106 1.00000000000000
-1.8 0.104 1.00000000000000
-1.8 0.102 1.00000000000000
-1.8 0.1 1.00000000000000
-1.8 0.098 1.00000000000000
-1.8 0.096 1.00000000000000
-1.8 0.094 1.00000000000000
-1.8 0.092 1.00000000000000
-1.8 0.09 1.00000000000000
-1.8 0.088 1.00000000000000
-1.8 0.086 1.00000000000000
-1.8 0.084 1.00000000000000
-1.76 0.154 1.00000000000000
-1.76 0.152 1.00000000000000
-1.76 0.15 1.00000000000000
-1.76 0.148 1.00000000000000
-1.76 0.146 1.00000000000000
-1.76 0.144 1.00000000000000
-1.76 0.142 1.00000000000000
-1.76 0.14 1.00000000000000
-1.76 0.138 1.00000000000000
-1.76 0.136 1.00000000000000
-1.76 0.134 1.00000000000000
-1.76 0.132 1.00000000000000
-1.76 0.13 1.00000000000000
-1.76 0.128 1.00000000000000
-1.76 0.126 1.00000000000000
-1.76 0.124 1.00000000000000
-1.76 0.122 1.00000000000000
-1.76 0.12 1.00000000000000
-1.76 0.118 1.00000000000000
-1.76 0.116 1.00000000000000
-1.76 0.114 1.00000000000000
-1.76 0.112 1.00000000000000
-1.76 0.11 1.00000000000000
-1.76 0.108 1.00000000000000
-1.76 0.106 1.00000000000000
-1.76 0.104 1.00000000000000
-1.76 0.102 1.00000000000000
-1.76 0.1 1.00000000000000
-1.76 0.098 1.00000000000000
-1.76 0.096 1.00000000000000
-1.76 0.094 1.00000000000000
-1.76 0.092 1.00000000000000
-1.76 0.09 1.00000000000000
-1.76 0.088 1.00000000000000
-1.76 0.086 1.00000000000000
-1.76 0.084 1.00000000000000
-1.76 0.082 1.00000000000000
-1.76 0.08 1.00000000000000
-1.72 0.148 1.00000000000000
-1.72 0.146 1.00000000000000
-1.72 0.144 1.00000000000000
-1.72 0.142 1.00000000000000
-1.72 0.14 1.00000000000000
-1.72 0.138 1.00000000000000
-1.72 0.136 1.00000000000000
-1.72 0.134 1.00000000000000
-1.72 0.132 1.00000000000000
-1.72 0.13 1.00000000000000
-1.72 0.128 1.00000000000000
-1.72 0.126 1.00000000000000
-1.72 0.124 1.00000000000000
-1.72 0.122 1.00000000000000
-1.72 0.12 1.00000000000000
-1.72 0.118 1.00000000000000
-1.72 0.116 1.00000000000000
-1.72 0.114 1.00000000000000
-1.72 0.112 1.00000000000000
-1.72 0.11 1.00000000000000
-1.72 0.108 1.00000000000000
-1.72 0.106 1.00000000000000
-1.72 0.104 1.00000000000000
-1.72 0.102 1.00000000000000
-1.72 0.1 1.00000000000000
-1.72 0.098 1.00000000000000
-1.72 0.096 1.00000000000000
-1.72 0.094 1.00000000000000
-1.72 0.092 1.00000000000000
-1.72 0.09 1.00000000000000
-1.72 0.088 1.00000000000000
-1.72 0.086 1.00000000000000
-1.72 0.084 1.00000000000000
-1.72 0.082 1.00000000000000
-1.72 0.08 1.00000000000000
-1.72 0.078 1.00000000000000
-1.72 0.076 1.00000000000000
-1.68 0.14 1.00000000000000
-1.68 0.138 1.00000000000000
-1.68 0.136 1.00000000000000
-1.68 0.134 1.00000000000000
-1.68 0.132 1.00000000000000
-1.68 0.13 1.00000000000000
-1.68 0.128 1.00000000000000
-1.68 0.126 1.00000000000000
-1.68 0.124 1.00000000000000
-1.68 0.122 1.00000000000000
-1.68 0.12 1.00000000000000
-1.68 0.118 1.00000000000000
-1.68 0.116 1.00000000000000
-1.68 0.114 1.00000000000000
-1.68 0.112 1.00000000000000
-1.68 0.11 1.00000000000000
-1.68 0.108 1.00000000000000
-1.68 0.106 1.00000000000000
-1.68 0.104 1.00000000000000
-1.68 0.102 1.00000000000000
-1.68 0.1 1.00000000000000
-1.68 0.098 1.00000000000000
-1.68 0.096 1.00000000000000
-1.68 0.094 1.00000000000000
-1.68 0.092 1.00000000000000
-1.68 0.09 1.00000000000000
-1.68 0.088 1.00000000000000
-1.68 0.086 1.00000000000000
-1.68 0.084 1.00000000000000
-1.68 0.082 1.00000000000000
-1.68 0.08 1.00000000000000
-1.68 0.078 1.00000000000000
-1.68 0.076 1.00000000000000
-1.68 0.074 1.00000000000000
-1.68 0.072 1.00000000000000
-1.64 0.132 1.00000000000000
-1.64 0.13 1.00000000000000
-1.64 0.128 1.00000000000000
-1.64 0.126 1.00000000000000
-1.64 0.124 1.00000000000000
-1.64 0.122 1.00000000000000
-1.64 0.12 1.00000000000000
-1.64 0.118 1.00000000000000
-1.64 0.116 1.00000000000000
-1.64 0.114 1.00000000000000
-1.64 0.112 1.00000000000000
-1.64 0.11 1.00000000000000
-1.64 0.108 1.00000000000000
-1.64 0.106 1.00000000000000
-1.64 0.104 1.00000000000000
-1.64 0.102 1.00000000000000
-1.64 0.1 1.00000000000000
-1.64 0.098 1.00000000000000
-1.64 0.096 1.00000000000000
-1.64 0.094 1.00000000000000
-1.64 0.092 1.00000000000000
-1.64 0.09 1.00000000000000
-1.64 0.088 1.00000000000000
-1.64 0.086 1.00000000000000
-1.64 0.084 1.00000000000000
-1.64 0.082 1.00000000000000
-1.64 0.08 1.00000000000000
-1.64 0.078 1.00000000000000
-1.64 0.076 1.00000000000000
-1.64 0.074 1.00000000000000
-1.64 0.072 1.00000000000000
-1.64 0.07 1.00000000000000
-1.6 0.124 1.00000000000000
-1.6 0.122 1.00000000000000
-1.6 0.12 1.00000000000000
-1.6 0.118 1.00000000000000
-1.6 0.116 1.00000000000000
-1.6 0.114 1.00000000000000
-1.6 0.112 1.00000000000000
-1.6 0.11 1.00000000000000
-1.6 0.108 1.00000000000000
-1.6 0.106 1.00000000000000
-1.6 0.104 1.00000000000000
-1.6 0.102 1.00000000000000
-1.6 0.1 1.00000000000000
-1.6 0.098 1.00000000000000
-1.6 0.096 1.00000000000000
-1.6 0.094 1.00000000000000
-1.6 0.092 1.00000000000000
-1.6 0.09 1.00000000000000
-1.6 0.088 1.00000000000000
-1.6 0.086 1.00000000000000
-1.6 0.084 1.00000000000000
-1.6 0.082 1.00000000000000
-1.6 0.08 1.00000000000000
-1.6 0.078 1.00000000000000
-1.6 0.076 1.00000000000000
-1.6 0.074 1.00000000000000
-1.6 0.072 1.00000000000000
-1.6 0.07 1.00000000000000
-1.6 0.068 1.00000000000000
-1.6 0.066 1.00000000000000
-1.56 0.116 1.00000000000000
-1.56 0.114 1.00000000000000
-1.56 0.112 1.00000000000000
-1.56 0.11 1.00000000000000
-1.56 0.108 1.00000000000000
-1.56 0.106 1.00000000000000
-1.56 0.104 1.00000000000000
-1.56 0.102 1.00000000000000
-1.56 0.1 1.00000000000000
-1.56 0.098 1.00000000000000
-1.56 0.096 1.00000000000000
-1.56 0.094 1.00000000000000
-1.56 0.092 1.00000000000000
-1.56 0.09 1.00000000000000
-1.56 0.088 1.00000000000000
-1.56 0.086 1.00000000000000
-1.56 0.084 1.00000000000000
-1.56 0.082 1.00000000000000
-1.56 0.08 1.00000000000000
-1.56 0.078 1.00000000000000
-1.56 0.076 1.00000000000000
-1.56 0.074 1.00000000000000
-1.56 0.072 1.00000000000000
-1.56 0.07 1.00000000000000
-1.56 0.068 1.00000000000000
-1.56 0.066 1.00000000000000
-1.56 0.064 1.00000000000000
-1.56 0.062 1.00000000000000
-1.52 0.11 1.00000000000000
-1.52 0.108 1.00000000000000
-1.52 0.106 1.00000000000000
-1.52 0.104 1.00000000000000
-1.52 0.102 1.00000000000000
-1.52 0.1 1.00000000000000
-1.52 0.098 1.00000000000000
-1.52 0.096 1.00000000000000
-1.52 0.094 1.00000000000000
-1.52 0.092 1.00000000000000
-1.52 0.09 1.00000000000000
-1.52 0.088 1.00000000000000
-1.52 0.086 1.00000000000000
-1.52 0.084 1.00000000000000
-1.52 0.082 1.00000000000000
-1.52 0.08 1.00000000000000
-1.52 0.078 1.00000000000000
-1.52 0.076 1.00000000000000
-1.52 0.074 1.00000000000000
-1.52 0.072 1.00000000000000
-1.52 0.07 1.00000000000000
-1.52 0.068 1.00000000000000
-1.52 0.066 1.00000000000000
-1.52 0.064 1.00000000000000
-1.52 0.062 1.00000000000000
-1.52 0.06 1.00000000000000
-1.52 0.058 1.00000000000000
-1.48 0.102 1.00000000000000
-1.48 0.1 1.00000000000000
-1.48 0.098 1.00000000000000
-1.48 0.096 1.00000000000000
-1.48 0.094 1.00000000000000
-1.48 0.092 1.00000000000000
-1.48 0.09 1.00000000000000
-1.48 0.088 1.00000000000000
-1.48 0.086 1.00000000000000
-1.48 0.084 1.00000000000000
-1.48 0.082 1.00000000000000
-1.48 0.08 1.00000000000000
-1.48 0.078 1.00000000000000
-1.48 0.076 1.00000000000000
-1.48 0.074 1.00000000000000
-1.48 0.072 1.00000000000000
-1.48 0.07 1.00000000000000
-1.48 0.068 1.00000000000000
-1.48 0.066 1.00000000000000
-1.48 0.064 1.00000000000000
-1.48 0.062 1.00000000000000
-1.48 0.06 1.00000000000000
-1.48 0.058 1.00000000000000
-1.48 0.056 1.00000000000000
-1.48 0.054 1.00000000000000
-1.44 0.094 1.00000000000000
-1.44 0.092 1.00000000000000
-1.44 0.09 1.00000000000000
-1.44 0.088 1.00000000000000
-1.44 0.086 1.00000000000000
-1.44 0.084 1.00000000000000
-1.44 0.082 1.00000000000000
-1.44 0.08 1.00000000000000
-1.44 0.078 1.00000000000000
-1.44 0.076 1.00000000000000
-1.44 0.074 1.00000000000000
-1.44 0.072 1.00000000000000
-1.44 0.07 1.00000000000000
-1.44 0.068 1.00000000000000
-1.44 0.066 1.00000000000000
-1.44 0.064 1.00000000000000
-1.44 0.062 1.00000000000000
-1.44 0.06 1.00000000000000
-1.44 0.058 1.00000000000000
-1.44 0.056 1.00000000000000
-1.44 0.054 1.00000000000000
-1.44 0.052 1.00000000000000
-1.44 0.05 1.00000000000000
-1.4 0.086 1.00000000000000
-1.4 0.084 1.00000000000000
-1.4 0.082 1.00000000000000
-1.4 0.08 1.00000000000000
-1.4 0.078 1.00000000000000
-1.4 0.076 1.00000000000000
-1.4 0.074 1.00000000000000
-1.4 0.072 1.00000000000000
-1.4 0.07 1.00000000000000
-1.4 0.068 1.00000000000000
-1.4 0.066 1.00000000000000
-1.4 0.064 1.00000000000000
-1.4 0.062 1.00000000000000
-1.4 0.06 1.00000000000000
-1.4 0.058 1.00000000000000
-1.4 0.056 1.00000000000000
-1.4 0.054 1.00000000000000
-1.4 0.052 1.00000000000000
-1.4 0.05 1.00000000000000
-1.4 0.048 1.00000000000000
-1.4 0.046 1.00000000000000
-1.36 0.078 1.00000000000000
-1.36 0.076 1.00000000000000
-1.36 0.074 1.00000000000000
-1.36 0.072 1.00000000000000
-1.36 0.07 1.00000000000000
-1.36 0.068 1.00000000000000
-1.36 0.066 1.00000000000000
-1.36 0.064 1.00000000000000
-1.36 0.062 1.00000000000000
-1.36 0.06 1.00000000000000
-1.36 0.058 1.00000000000000
-1.36 0.056 1.00000000000000
-1.36 0.054 1.00000000000000
-1.36 0.052 1.00000000000000
-1.36 0.05 1.00000000000000
-1.36 0.048 1.00000000000000
-1.36 0.046 1.00000000000000
-1.36 0.044 1.00000000000000
-1.36 0.042 1.00000000000000
-1.32 0.07 1.00000000000000
-1.32 0.068 1.00000000000000
-1.32 0.066 1.00000000000000
-1.32 0.064 1.00000000000000
-1.32 0.062 1.00000000000000
-1.32 0.06 1.00000000000000
-1.32 0.058 1.00000000000000
-1.32 0.056 1.00000000000000
-1.32 0.054 1.00000000000000
-1.32 0.052 1.00000000000000
-1.32 0.05 1.00000000000000
-1.32 0.048 1.00000000000000
-1.32 0.046 1.00000000000000
-1.32 0.044 1.00000000000000
-1.32 0.042 1.00000000000000
-1.32 0.04 1.00000000000000
-1.32 0.038 1.00000000000000
-1.28 0.062 1.00000000000000
-1.28 0.06 1.00000000000000
-1.28 0.058 1.00000000000000
-1.28 0.056 1.00000000000000
-1.28 0.054 1.00000000000000
-1.28 0.052 1.00000000000000
-1.28 0.05 1.00000000000000
-1.28 0.048 1.00000000000000
-1.28 0.046 1.00000000000000
-1.28 0.044 1.00000000000000
-1.28 0.042 1.00000000000000
-1.28 0.04 1.00000000000000
-1.28 0.038 1.00000000000000
-1.28 0.036 1.00000000000000
-1.28 0.034 1.00000000000000
-1.24 0.054 1.00000000000000
-1.24 0.052 1.00000000000000
-1.24 0.05 1.00000000000000
-1.24 0.048 1.00000000000000
-1.24 0.046 1.00000000000000
-1.24 0.044 1.00000000000000
-1.24 0.042 1.00000000000000
-1.24 0.04 1.00000000000000
-1.24 0.038 1.00000000000000
-1.24 0.036 1.00000000000000
-1.24 0.034 1.00000000000000
-1.24 0.032 1.00000000000000
-1.24 0.03 1.00000000000000
-1.2 0.046 1.00000000000000
-1.2 0.044 1.00000000000000
-1.2 0.042 1.00000000000000
-1.2 0.04 1.00000000000000
-1.2 0.038 1.00000000000000
-1.2 0.036 1.00000000000000
-1.2 0.034 1.00000000000000
-1.2 0.032 1.00000000000000
-1.2 0.03 1.00000000000000
-1.2 0.028 1.00000000000000
-1.2 0.026 1.00000000000000
-1.16 0.038 1.00000000000000
-1.16 0.036 1.00000000000000
-1.16 0.034 1.00000000000000
-1.16 0.032 1.00000000000000
-1.16 0.03 1.00000000000000
-1.16 0.028 1.00000000000000
-1.16 0.026 1.00000000000001
-1.16 0.024 1.00000000000001
-1.12 0.03 1.00000000000000
-1.12 0.028 1.00000000000000
-1.12 0.026 1.00000000000001
-1.12 0.024 1.00000000000007
-1.12 0.018 1.00000000013629
-1.04 0.012 1.00000012004454
-1.04 0.01 1.00000331807463
-1.04 0.008 0.99996299275749
-1 0.004 1.00035054267743

