#Posizione iniziale=2.000000
#Velocita' iniziale=1.000000
#Pulsazione al quadrato=3.000000
#Tempo massimo di integrazione=100.000000
#Passo di tempo=0.100000
#E' stato utilizzato l'algoritmo di Eulero-Cromer
#Legenda
#1:t 2:x 3:v 4:dE
0 2.000000 1.000000 0
0.100000 2.040000 0.400000 -0.425236
0.200000 2.018800 -0.212000 -0.442200
0.300000 1.937036 -0.817640 -0.457961
0.400000 1.797161 -1.398751 -0.470642
0.500000 1.603371 -1.937899 -0.478734
0.600000 1.361480 -2.418910 -0.481272
0.700000 1.078745 -2.827354 -0.477954
0.800000 0.763647 -3.150978 -0.469176
0.900000 0.425640 -3.380072 -0.455982
1.000000 0.074863 -3.507764 -0.439945
1.100000 -0.278159 -3.530223 -0.422973
1.200000 -0.622837 -3.446775 -0.407089
1.300000 -0.948829 -3.259924 -0.394185
1.400000 -1.246356 -2.975275 -0.385797
1.500000 -1.506493 -2.601368 -0.382923
1.600000 -1.721435 -2.149420 -0.385908
1.700000 -1.884734 -1.632990 -0.394394
1.800000 -1.991491 -1.067569 -0.407372
1.900000 -2.038503 -0.470122 -0.423295
2.000000 -2.024361 0.141429 -0.440268
2.100000 -1.949487 0.748737 -0.456268
2.200000 -1.816129 1.333583 -0.469390
2.300000 -1.628286 1.878422 -0.478072
2.400000 -1.391596 2.366908 -0.481279
2.500000 -1.113157 2.784386 -0.478629
2.600000 -0.801324 3.118333 -0.470438
2.700000 -0.465451 3.358730 -0.457682
2.800000 -0.115614 3.498366 -0.441879
2.900000 0.237691 3.533050 -0.424912
3.000000 0.583865 3.461743 -0.408802
3.100000 0.912524 3.286583 -0.395467
3.200000 1.213806 3.012826 -0.386496
3.300000 1.478675 2.648684 -0.382956
3.400000 1.699183 2.205082 -0.385270
3.500000 1.868715 1.695327 -0.393162
3.600000 1.982187 1.134712 -0.405693
3.700000 2.036192 0.540056 -0.421368
3.800000 2.029112 -0.070801 -0.438323
3.900000 1.961159 -0.679535 -0.454536
4.000000 1.834370 -1.267883 -0.468079
4.100000 1.652551 -1.818194 -0.477336
4.200000 1.421155 -2.313959 -0.481207
4.300000 1.147125 -2.740306 -0.479229
4.400000 0.838680 -3.084443 -0.471639
4.500000 0.505076 -3.336047 -0.459340
4.600000 0.156319 -3.487570 -0.443798
4.700000 -0.197128 -3.534465 -0.426863
4.800000 -0.544661 -3.475327 -0.410552
4.900000 -0.875853 -3.311929 -0.396808
5.000000 -1.180771 -3.049173 -0.387268
5.100000 -1.450265 -2.694941 -0.383068
5.200000 -1.676251 -2.259862 -0.384708
5.300000 -1.851950 -1.756987 -0.391993
5.400000 -1.972090 -1.201402 -0.404055
5.500000 -2.033067 -0.609775 -0.419458
5.600000 -2.033053 0.000145 -0.436368
5.700000 -1.972047 0.610061 -0.452769
5.800000 -1.851879 1.201675 -0.466709
5.900000 -1.676155 1.757239 -0.476528
6.000000 -1.450147 2.260086 -0.481056
6.100000 -1.180634 2.695130 -0.479754
6.200000 -0.875702 3.049320 -0.472777
6.300000 -0.544499 3.312030 -0.460955
6.400000 -0.196961 3.475380 -0.445698
6.500000 0.156486 3.534468 -0.428821
6.600000 0.505238 3.487522 -0.412336
6.700000 0.838833 3.335951 -0.398205
6.800000 1.147263 3.084301 -0.388111
6.900000 1.421276 2.740122 -0.383257
7.000000 1.652650 2.313739 -0.384221
7.100000 1.834444 1.817944 -0.390887
7.200000 1.961205 1.267611 -0.402463
7.300000 2.029130 0.679249 -0.417569
7.400000 2.036181 0.070510 -0.434406
7.500000 1.982147 -0.540344 -0.450969
7.600000 1.868648 -1.134988 -0.465285
7.700000 1.699090 -1.695582 -0.475649
7.800000 1.478559 -2.205309 -0.480827
7.900000 1.213671 -2.648877 -0.480203
8.000000 0.912373 -3.012978 -0.473849
8.100000 0.583704 -3.286690 -0.462524
8.200000 0.237524 -3.461801 -0.447576
8.300000 -0.115782 -3.533059 -0.430785
8.400000 -0.465614 -3.498324 -0.414152
8.500000 -0.801478 -3.358640 -0.399656
8.600000 -1.113298 -3.118196 -0.389025
8.700000 -1.391718 -2.784207 -0.383525
8.800000 -1.628388 -2.366692 -0.383811
8.900000 -1.816205 -1.878175 -0.389848
9.000000 -1.949537 -1.333314 -0.400918
9.100000 -2.024382 -0.748453 -0.415702
9.200000 -2.038496 -0.141138 -0.432440
9.300000 -1.991455 0.470410 -0.449138
9.400000 -1.884670 1.067847 -0.463807
9.500000 -1.721345 1.633248 -0.474701
9.600000 -1.506380 2.149651 -0.480521
9.700000 -1.246223 2.601565 -0.480575
9.800000 -0.948680 2.975432 -0.474855
9.900000 -0.622677 3.260036 -0.464045
10.000000 -0.277993 3.446839 -0.449430
10.100000 0.075031 3.530237 -0.432752
10.200000 0.425804 3.507728 -0.415996
10.300000 0.763803 3.379987 -0.401159
10.400000 1.078887 3.150846 -0.390008
10.500000 1.361605 2.827180 -0.383870
10.600000 1.603475 2.418698 -0.383477
10.700000 1.797241 1.937656 -0.388876
10.800000 1.937089 1.398484 -0.399423
10.900000 2.018825 0.817357 -0.413862
11.000000 2.039996 0.211710 -0.430474
11.100000 1.999967 -0.400289 -0.447280
11.200000 1.899939 -1.000279 -0.462279
11.300000 1.742913 -1.570261 -0.473684
11.400000 1.533599 -2.093134 -0.480137
11.500000 1.278278 -2.553214 -0.480869
11.600000 0.984608 -2.936698 -0.475793
11.700000 0.661400 -3.232080 -0.465514
11.800000 0.318350 -3.430500 -0.451256
11.900000 -0.034250 -3.526005 -0.434717
12.000000 -0.385823 -3.515730 -0.417867
12.100000 -0.725822 -3.399983 -0.402712
12.200000 -1.044045 -3.182236 -0.391058
12.300000 -1.330948 -2.869023 -0.384293
12.400000 -1.577921 -2.469738 -0.383222
12.500000 -1.777558 -1.996362 -0.387973
12.600000 -1.923867 -1.463095 -0.397980
12.700000 -2.012461 -0.885934 -0.412051
12.800000 -2.040680 -0.282196 -0.428511
12.900000 -2.007679 0.330008 -0.445398
13.000000 -1.914448 0.932312 -0.460703
13.100000 -1.763784 1.506646 -0.472601
13.200000 -1.560206 2.035781 -0.479676
13.300000 -1.309821 2.503843 -0.481085
13.400000 -1.020142 2.896789 -0.476661
13.500000 -0.699859 3.202832 -0.466930
13.600000 -0.358580 3.412790 -0.453051
13.700000 -0.006544 3.520364 -0.436678
13.800000 0.345689 3.522327 -0.419760
13.900000 0.687551 3.418620 -0.404312
14.000000 1.008786 3.212355 -0.392174
14.100000 1.299758 2.909719 -0.384792
14.200000 1.551737 2.519792 -0.383045
14.300000 1.757164 2.054270 -0.387141
14.400000 1.909877 1.527121 -0.396592
14.500000 2.005292 0.954158 -0.410272
14.600000 2.040549 0.352570 -0.426553
14.700000 2.014590 -0.259595 -0.443495
14.800000 1.928193 -0.863972 -0.459081
14.900000 1.783950 -1.442429 -0.471453
15.000000 1.586188 -1.977614 -0.479139
15.100000 1.340841 -2.453471 -0.481223
15.200000 1.055269 -2.855723 -0.477458
15.300000 0.738039 -3.172304 -0.468290
15.400000 0.398667 -3.393716 -0.454813
15.500000 0.047335 -3.513316 -0.438631
15.600000 -0.305416 -3.527516 -0.421672
15.700000 -0.649005 -3.435891 -0.405956
15.800000 -0.973124 -3.241190 -0.393353
15.900000 -1.268050 -2.949253 -0.385366
16.000000 -1.524933 -2.568838 -0.382946
16.100000 -1.736069 -2.111358 -0.386380
16.200000 -1.895123 -1.590537 -0.395260
16.300000 -1.997323 -1.022000 -0.408528
16.400000 -2.039603 -0.422803 -0.424604
16.500000 -2.020695 0.189078 -0.441574
16.600000 -1.941167 0.795286 -0.457415
16.700000 -1.803403 1.377636 -0.470242
16.800000 -1.611537 1.918657 -0.478527
16.900000 -1.371326 2.402118 -0.481283
17.000000 -1.089974 2.813516 -0.478182
17.100000 -0.775923 3.140508 -0.469593
17.200000 -0.438595 3.373285 -0.456539
17.300000 -0.088108 3.504864 -0.440575
17.400000 0.265021 3.531296 -0.423602
17.500000 0.610200 3.451790 -0.407642
17.600000 0.937073 3.268730 -0.394595
17.700000 1.235834 2.987608 -0.386016
17.800000 1.497520 2.616857 -0.382926
17.900000 1.714280 2.167601 -0.385693
18.000000 1.879612 1.653317 -0.393987
18.100000 1.988555 1.089434 -0.406822
18.200000 2.037842 0.492867 -0.422667
18.300000 2.025993 -0.118485 -0.439637
18.400000 1.953365 -0.726283 -0.455709
18.500000 1.822136 -1.312293 -0.468971
18.600000 1.636242 -1.858933 -0.477841
18.700000 1.401262 -2.349806 -0.481264
18.800000 1.124243 -2.770185 -0.478832
18.900000 0.813498 -3.107458 -0.470835
19.000000 0.478347 -3.351507 -0.458225
19.100000 0.128846 -3.495011 -0.442504
19.200000 -0.224521 -3.533665 -0.425545
19.300000 -0.571151 -3.466308 -0.409367
19.400000 -0.900648 -3.294963 -0.395896
19.500000 -1.203125 -3.024769 -0.386739
19.600000 -1.469508 -2.663831 -0.382984
19.700000 -1.691806 -2.222979 -0.385079
19.800000 -1.863349 -1.715437 -0.392776
19.900000 -1.978993 -1.156432 -0.405156
20.000000 -2.035266 -0.562735 -0.420746
20.100000 -2.030482 0.047845 -0.437688
20.200000 -1.964783 0.656990 -0.453966
20.300000 -1.840140 1.246424 -0.467640
20.400000 -1.660294 1.798467 -0.477082
20.500000 -1.430638 2.296555 -0.481166
20.600000 -1.158063 2.725746 -0.479408
20.700000 -0.850747 3.073165 -0.472016
20.800000 -0.517908 3.328389 -0.459870
20.900000 -0.169532 3.483762 -0.444417
21.000000 0.183930 3.534621 -0.427498
21.100000 0.531874 3.479442 -0.411128
21.200000 0.863862 3.319880 -0.397256
21.300000 1.169934 3.060721 -0.387534
21.400000 1.440909 2.709741 -0.383121
21.500000 1.668655 2.277468 -0.384541
21.600000 1.846342 1.776871 -0.391627
21.700000 1.968639 1.222969 -0.403533
21.800000 2.031877 0.632377 -0.418842
21.900000 2.034158 0.022814 -0.435731
22.000000 1.975415 -0.587434 -0.452188
22.100000 1.857409 -1.180058 -0.466253
22.200000 1.683681 -1.737281 -0.476250
22.300000 1.459443 -2.242385 -0.480990
22.400000 1.191421 -2.680218 -0.479908
22.500000 0.887656 -3.037644 -0.473133
22.600000 0.557262 -3.303941 -0.461470
22.700000 0.210150 -3.471120 -0.446311
22.800000 -0.143266 -3.534165 -0.429459
22.900000 -0.492385 -3.491185 -0.412923
23.000000 -0.826732 -3.343470 -0.398671
23.100000 -1.136277 -3.095450 -0.388401
23.200000 -1.411733 -2.754567 -0.383336
23.300000 -1.644838 -2.331047 -0.384079
23.400000 -1.828598 -1.837596 -0.390542
23.500000 -1.957499 -1.289016 -0.401956
23.600000 -2.027676 -0.701766 -0.416960
23.700000 -2.037022 -0.093464 -0.433767
23.800000 -1.985258 0.517643 -0.450377
23.900000 -1.873936 1.113220 -0.464811
24.000000 -1.706396 1.675401 -0.475349
24.100000 -1.487664 2.187320 -0.480736
24.200000 -1.224302 2.633619 -0.480332
24.300000 -0.924211 3.000910 -0.474184
24.400000 -0.596394 3.278173 -0.463024
24.500000 -0.250685 3.457091 -0.448181
24.600000 0.102545 3.532297 -0.431424
24.700000 0.452698 3.501533 -0.414748
24.800000 0.789271 3.365724 -0.400139
24.900000 1.102165 3.128942 -0.389337
25.000000 1.381994 2.798293 -0.383629
25.100000 1.620364 2.383695 -0.383694
25.200000 1.810122 1.897585 -0.389525
25.300000 1.945577 1.354549 -0.400427
25.400000 2.022665 0.770876 -0.415102
25.500000 2.039072 0.164076 -0.431801
25.600000 1.994308 -0.447646 -0.448537
25.700000 1.889714 -1.045938 -0.463316
25.800000 1.728429 -1.612852 -0.474378
25.900000 1.515291 -2.131381 -0.480404
26.000000 1.256694 -2.585968 -0.480679
26.100000 0.960396 -2.962976 -0.475168
26.200000 0.635287 -3.251095 -0.464528
26.300000 0.291119 -3.441681 -0.450026
26.400000 -0.061783 -3.529017 -0.433390
26.500000 -0.412831 -3.510482 -0.416601
26.600000 -0.751494 -3.386632 -0.401659
26.700000 -1.067613 -3.161184 -0.390342
26.800000 -1.351703 -2.840900 -0.383999
26.900000 -1.595242 -2.435389 -0.383386
27.000000 -1.790923 -1.956817 -0.388575
27.100000 -1.932877 -1.419540 -0.398948
27.200000 -2.016845 -0.839677 -0.413270
27.300000 -2.040307 -0.234623 -0.429836
27.400000 -2.002560 0.377469 -0.446671
27.500000 -1.904737 0.978237 -0.461772
27.600000 -1.749771 1.549658 -0.473339
27.700000 -1.542312 2.074590 -0.479995
27.800000 -1.288584 2.537283 -0.480948
27.900000 -0.996198 2.923858 -0.476083
28.000000 -0.673926 3.222718 -0.465980
28.100000 -0.331437 3.424895 -0.451843
28.200000 0.020996 3.524326 -0.435355
28.300000 0.372799 3.518028 -0.418479
28.400000 0.713418 3.406188 -0.403227
28.500000 1.032634 3.192163 -0.391414
28.600000 1.320871 2.882372 -0.384447
28.700000 1.569482 2.486111 -0.383156
28.800000 1.771009 2.015266 -0.387695
28.900000 1.919405 1.483964 -0.397523
29.000000 2.010220 0.908142 -0.411470
29.100000 2.040727 0.305076 -0.427874
29.200000 2.010013 -0.307142 -0.444782
29.300000 1.918998 -0.910146 -0.460180
29.400000 1.770414 -1.485845 -0.472235
29.500000 1.568717 -2.016969 -0.479510
29.600000 1.319958 -2.487584 -0.481139
29.700000 1.031601 -2.883572 -0.476928
29.800000 0.712296 -3.193052 -0.467378
29.900000 0.371622 -3.406741 -0.453628
30.000000 0.019799 -3.518228 -0.437314
30.100000 -0.332618 -3.524168 -0.420379
30.200000 -0.675056 -3.424382 -0.404841
30.300000 -0.997242 -3.221865 -0.392550
30.400000 -1.289512 -2.922693 -0.384970
30.500000 -1.543096 -2.535839 -0.383004
30.600000 -1.750387 -2.072911 -0.386886
30.700000 -1.905166 -1.547795 -0.396153
30.800000 -2.002791 -0.976245 -0.409702
30.900000 -2.040331 -0.375408 -0.425919
31.000000 -2.016662 0.236692 -0.442873
31.100000 -1.932493 0.841690 -0.458544
31.200000 -1.790349 1.421438 -0.471066
31.300000 -1.594495 1.958543 -0.478948
31.400000 -1.350806 2.436892 -0.481251
31.500000 -1.066592 2.842133 -0.477701
31.600000 -0.750381 3.162111 -0.468720
31.700000 -0.411659 3.387226 -0.455378
31.800000 -0.060586 3.510723 -0.439264
31.900000 0.292303 3.528899 -0.422298
32.000000 0.636424 3.441208 -0.406499
32.100000 0.961452 3.250281 -0.393750
32.200000 1.257637 2.961845 -0.385569
32.300000 1.516092 2.584554 -0.382931
32.400000 1.729065 2.129726 -0.386149
32.500000 1.890166 1.611007 -0.394840
32.600000 1.994561 1.043957 -0.407969
32.700000 2.039120 0.445589 -0.423974
32.800000 2.022505 -0.166147 -0.440946
32.900000 1.945216 -0.772899 -0.456865
33.000000 1.809569 -1.356464 -0.469836
33.100000 1.619636 -1.899334 -0.478312
33.200000 1.381113 -2.385225 -0.481285
33.300000 1.101157 -2.799559 -0.478401
33.400000 0.788167 -3.129906 -0.470003
33.500000 0.451531 -3.366356 -0.457091
33.600000 0.101350 -3.501816 -0.441203
33.700000 -0.251872 -3.532220 -0.424232
33.800000 -0.597538 -3.456659 -0.408198
33.900000 -0.925278 -3.277397 -0.395011
34.000000 -1.225259 -2.999814 -0.386242
34.100000 -1.488483 -2.632236 -0.382936
34.200000 -1.707052 -2.185691 -0.385485
34.300000 -1.874410 -1.673575 -0.393587
34.400000 -1.985535 -1.111253 -0.406276
34.500000 -2.037094 -0.515592 -0.422041
34.600000 -2.027541 0.095536 -0.439005
34.700000 -1.957161 0.703798 -0.455147
34.800000 -1.828066 1.290947 -0.468545
34.900000 -1.644129 1.839366 -0.477602
35.000000 -1.410869 2.332605 -0.481241
35.100000 -1.135282 2.755866 -0.479028
35.200000 -0.825637 3.096451 -0.471226
35.300000 -0.491223 3.344142 -0.458764
35.400000 -0.142072 3.491509 -0.443128
35.500000 0.211341 3.534130 -0.426179
35.600000 0.558414 3.470728 -0.409935
35.700000 0.888734 3.303204 -0.396332
35.800000 1.192392 3.036584 -0.386989
35.900000 1.460279 2.678866 -0.383020
36.000000 1.684357 2.240782 -0.384896
36.100000 1.857905 1.735475 -0.392395
36.200000 1.975715 1.178104 -0.404624
36.300000 2.034254 0.585389 -0.420125
36.400000 2.031765 -0.024887 -0.437053
36.500000 1.968324 -0.634417 -0.453392
36.600000 1.845832 -1.224914 -0.467195
36.700000 1.667966 -1.778663 -0.476819
36.800000 1.440061 -2.279053 -0.481118
36.900000 1.168954 -2.711071 -0.479579
37.000000 0.862778 -3.061757 -0.472386
37.100000 0.530719 -3.320591 -0.460395
37.200000 0.182738 -3.479806 -0.445035
37.300000 -0.170725 -3.534628 -0.428135
37.400000 -0.519066 -3.483410 -0.411707
37.500000 -0.851835 -3.327691 -0.397709
37.600000 -1.159049 -3.072140 -0.387808
37.700000 -1.431491 -2.724426 -0.383182
37.800000 -1.660989 -2.294978 -0.384383
37.900000 -1.840657 -1.796681 -0.391267
38.000000 -1.965106 -1.244484 -0.403015
38.100000 -2.030601 -0.654952 -0.418228
38.200000 -2.035178 -0.045772 -0.435093
38.300000 -1.978700 0.564781 -0.451603
38.400000 -1.862861 1.158391 -0.465790
38.500000 -1.691136 1.717250 -0.475965
38.600000 -1.468677 2.224590 -0.480916
38.700000 -1.202158 2.665194 -0.480054
38.800000 -0.899573 3.025841 -0.473481
38.900000 -0.570002 3.295713 -0.461980
39.000000 -0.223331 3.466714 -0.446921
39.100000 0.130040 3.533713 -0.430097
39.200000 0.479510 3.494701 -0.413513
39.300000 0.814595 3.350848 -0.399142
39.400000 1.125242 3.106469 -0.388697
39.500000 1.402132 2.768896 -0.383422
39.600000 1.636957 2.348257 -0.383946
39.700000 1.822674 1.857170 -0.390204
39.800000 1.953711 1.310367 -0.401453
39.900000 2.026137 0.724254 -0.416353
40.000000 2.037778 0.116413 -0.433129
40.100000 1.988286 -0.494920 -0.449782
40.200000 1.879145 -1.091406 -0.464331
40.300000 1.713630 -1.655150 -0.475041
40.400000 1.496706 -2.169239 -0.480637
40.500000 1.234881 -2.618251 -0.480453
40.600000 0.936010 -2.988715 -0.474511
40.700000 0.609058 -3.269518 -0.463518
40.800000 0.263834 -3.452235 -0.448784
40.900000 -0.089304 -3.531386 -0.432063
41.000000 -0.439764 -3.504594 -0.415347
41.100000 -0.777030 -3.372665 -0.400627
41.200000 -1.090986 -3.139556 -0.389656
41.300000 -1.372212 -2.812261 -0.383741
41.400000 -1.612272 -2.400597 -0.383585
41.500000 -1.803963 -1.916916 -0.389208
41.600000 -1.941536 -1.375727 -0.399941
41.700000 -2.020862 -0.793266 -0.414503
41.800000 -2.039563 -0.187007 -0.431163
41.900000 -1.997077 0.424862 -0.447934
42.000000 -1.894678 1.023985 -0.462820
42.100000 -1.735440 1.592388 -0.474048
42.200000 -1.524138 2.113020 -0.480280
42.300000 -1.267111 2.570261 -0.480775
42.400000 -0.972072 2.950395 -0.475473
42.500000 -0.647870 3.242016 -0.465006
42.600000 -0.304233 3.436377 -0.450620
42.700000 0.048532 3.527647 -0.434029
42.800000 0.399841 3.513088 -0.417209
42.900000 0.739154 3.393135 -0.402163
43.000000 1.056293 3.171389 -0.390683
43.100000 1.341743 2.854501 -0.384136
43.200000 1.586941 2.451978 -0.383303
43.300000 1.784531 1.975896 -0.388281
43.400000 1.928584 1.440536 -0.398479
43.500000 2.014781 0.861961 -0.412682
43.600000 2.040533 0.257527 -0.429198
43.700000 2.005070 -0.354633 -0.446060
43.800000 1.909454 -0.956154 -0.461260
43.900000 1.756555 -1.528990 -0.472988
44.000000 1.550960 -2.055957 -0.479846
44.100000 1.298835 -2.521245 -0.481018
44.200000 1.007746 -2.910896 -0.476365
44.300000 0.686424 -3.213219 -0.466440
44.400000 0.344509 -3.419146 -0.452426
44.500000 -0.007741 -3.522499 -0.435992
44.600000 -0.359759 -3.520177 -0.419094
44.700000 -0.700983 -3.412249 -0.403746
44.800000 -1.021179 -3.201954 -0.391776
44.900000 -1.310739 -2.895601 -0.384609
45.000000 -1.560977 -2.502379 -0.383098
45.100000 -1.764385 -2.034086 -0.387424
45.200000 -1.914862 -1.504770 -0.397071
45.300000 -2.007894 -0.930312 -0.410891
45.400000 -2.040688 -0.327943 -0.427238
45.500000 -2.012262 0.284263 -0.444164
45.600000 -1.923468 0.887941 -0.459654
45.700000 -1.776969 1.464982 -0.471862
45.800000 -1.577162 1.998072 -0.479336
45.900000 -1.330040 2.471221 -0.481184
46.000000 -1.043017 2.870233 -0.477187
46.100000 -0.724703 3.183138 -0.467820
46.200000 -0.384648 3.400549 -0.454200
46.300000 -0.033054 3.515943 -0.437948
46.400000 0.319532 3.525859 -0.421001
46.500000 0.662532 3.430000 -0.405375
46.600000 0.985656 3.231240 -0.392933
46.700000 1.279211 2.935543 -0.385157
46.800000 1.534389 2.551780 -0.382972
46.900000 1.743535 2.091463 -0.386638
47.000000 1.900375 1.568403 -0.395720
47.100000 2.000204 0.998290 -0.409135
47.200000 2.040027 0.398229 -0.425285
47.300000 2.018649 -0.213779 -0.442248
47.400000 1.936712 -0.819374 -0.458003
47.500000 1.796673 -1.400387 -0.470673
47.600000 1.602734 -1.939389 -0.478750
47.700000 1.360713 -2.420210 -0.481271
47.800000 1.077871 -2.828424 -0.477936
47.900000 0.762692 -3.151785 -0.469143
48.000000 0.424633 -3.380593 -0.455939
48.100000 0.073835 -3.507983 -0.439896
48.200000 -0.279178 -3.530133 -0.422924
48.300000 -0.623816 -3.446380 -0.407047
48.400000 -0.949740 -3.259235 -0.394153
48.500000 -1.247171 -2.974313 -0.385780
48.600000 -1.507187 -2.600161 -0.382924
48.700000 -1.721988 -2.148005 -0.385925
48.800000 -1.885129 -1.631409 -0.394426
48.900000 -1.991716 -1.065870 -0.407415
49.000000 -2.038551 -0.468356 -0.423344
49.100000 -2.024230 0.143210 -0.440317
49.200000 -1.949182 0.750479 -0.456311
49.300000 -1.815659 1.335234 -0.469423
49.400000 -1.627666 1.879931 -0.478090
49.500000 -1.390843 2.368231 -0.481280
49.600000 -1.112294 2.785484 -0.478613
49.700000 -0.800377 3.119172 -0.470407
49.800000 -0.464449 3.359285 -0.457639
49.900000 -0.114587 3.498620 -0.441830
50.000000 0.238713 3.532996 -0.424863
50.100000 0.584851 3.461382 -0.408758
50.200000 0.913444 3.285927 -0.395434
50.300000 1.214633 3.011894 -0.386477
50.400000 1.479384 2.647504 -0.382954
50.500000 1.699752 2.203688 -0.385286
50.600000 1.869129 1.693763 -0.393193
50.700000 1.982431 1.133024 -0.405734
50.800000 2.036261 0.538295 -0.421417
50.900000 2.029002 -0.072583 -0.438372
51.000000 1.960874 -0.681284 -0.454581
51.100000 1.833919 -1.269546 -0.468112
51.200000 1.651947 -1.819722 -0.477356
51.300000 1.420416 -2.315306 -0.481210
51.400000 1.146273 -2.741431 -0.479215
51.500000 0.837742 -3.085313 -0.471609
51.600000 0.504078 -3.336636 -0.459299
51.700000 0.155293 -3.487859 -0.443750
51.800000 -0.198152 -3.534447 -0.426813
51.900000 -0.545652 -3.475001 -0.410507
52.000000 -0.876783 -3.311306 -0.396773
52.100000 -1.181610 -3.048271 -0.387247
52.200000 -1.450989 -2.693788 -0.383064
52.300000 -1.676838 -2.258491 -0.384721
52.400000 -1.852382 -1.755440 -0.392022
52.500000 -1.972354 -1.199725 -0.404096
52.600000 -2.033156 -0.608019 -0.419506
52.700000 -2.032963 0.001928 -0.436417
52.800000 -1.971782 0.611817 -0.452814
52.900000 -1.851447 1.203351 -0.466745
53.000000 -1.675568 1.758785 -0.476550
53.100000 -1.449422 2.261456 -0.481061
53.200000 -1.179794 2.696282 -0.479742
53.300000 -0.874772 3.050221 -0.472749
53.400000 -0.543507 3.312652 -0.460915
53.500000 -0.195936 3.475704 -0.445650
53.600000 0.157512 3.534485 -0.428772
53.700000 0.506235 3.487232 -0.412291
53.800000 0.839771 3.335361 -0.398169
53.900000 1.148114 3.083430 -0.388089
54.000000 1.422014 2.738995 -0.383252
54.100000 1.653253 2.312391 -0.384232
54.200000 1.834895 1.816415 -0.390915
54.300000 1.961489 1.265947 -0.402503
54.400000 2.029239 0.677500 -0.417616
54.500000 2.036112 0.068728 -0.434455
54.600000 1.981902 -0.542105 -0.451015
54.700000 1.868234 -1.136676 -0.465321
54.800000 1.698519 -1.697146 -0.475672
54.900000 1.477849 -2.206702 -0.480834
55.000000 1.212844 -2.650057 -0.480192
55.100000 0.911453 -3.013910 -0.473823
55.200000 0.582718 -3.287345 -0.462485
55.300000 0.236502 -3.462161 -0.447529
55.400000 -0.116809 -3.533111 -0.430736
55.500000 -0.466616 -3.498069 -0.414106
55.600000 -0.802424 -3.358084 -0.399619
55.700000 -1.114160 -3.117357 -0.389001
55.800000 -1.392471 -2.783109 -0.383517
55.900000 -1.629008 -2.365367 -0.383820
56.000000 -1.816674 -1.876665 -0.389873
56.100000 -1.949840 -1.331663 -0.400956
56.200000 -2.024511 -0.746711 -0.415749
56.300000 -2.038447 -0.139357 -0.432490
56.400000 -1.991230 0.472177 -0.449185
56.500000 -1.884275 1.069546 -0.463845
56.600000 -1.720792 1.634828 -0.474725
56.700000 -1.505686 2.151066 -0.480529
56.800000 -1.245408 2.602772 -0.480566
56.900000 -0.947769 2.976394 -0.474831
57.000000 -0.621697 3.260725 -0.464007
57.100000 -0.276973 3.447234 -0.449384
57.200000 0.076059 3.530326 -0.432702
57.300000 0.426810 3.507508 -0.415949
57.400000 0.764757 3.379465 -0.401121
57.500000 1.079760 3.150038 -0.389982
57.600000 1.362371 2.826110 -0.383861
57.700000 1.604111 2.417398 -0.383485
57.800000 1.797728 1.936165 -0.388900
57.900000 1.937412 1.396847 -0.399460
58.000000 2.018975 0.815623 -0.413908
58.100000 2.039968 0.209930 -0.430524
58.200000 1.999762 -0.402060 -0.447328
58.300000 1.899563 -1.001988 -0.462318
58.400000 1.742377 -1.571857 -0.473710
58.500000 1.532920 -2.094570 -0.480147
58.600000 1.277475 -2.554446 -0.480862
58.700000 0.983707 -2.937689 -0.475770
58.800000 0.660426 -3.232801 -0.465478
58.900000 0.317334 -3.430929 -0.451210
59.000000 -0.035279 -3.526129 -0.434667
59.100000 -0.386834 -3.515545 -0.417819
59.200000 -0.726783 -3.399495 -0.402672
59.300000 -1.044929 -3.181460 -0.391031
59.400000 -1.331728 -2.867981 -0.384281
59.500000 -1.578574 -2.468463 -0.383227
59.600000 -1.778063 -1.994891 -0.387995
59.700000 -1.924210 -1.461472 -0.398016
59.800000 -2.012631 -0.884209 -0.412097
59.900000 -2.040673 -0.280420 -0.428560
60.000000 -2.007495 0.331782 -0.445446
60.100000 -1.914092 0.934031 -0.460743
60.200000 -1.763266 1.508258 -0.472629
60.300000 -1.559542 2.037238 -0.479689
60.400000 -1.309032 2.505101 -0.481081
60.500000 -1.019251 2.897810 -0.476640
60.600000 -0.698892 3.203585 -0.466895
60.700000 -0.357567 3.413253 -0.453006
60.800000 -0.005515 3.520523 -0.436628
60.900000 0.346703 3.522178 -0.419712
61.000000 0.688520 3.418167 -0.404271
61.100000 1.009681 3.211611 -0.392145
61.200000 1.300551 2.908707 -0.384778
61.300000 1.552406 2.518541 -0.383048
61.400000 1.757688 2.052820 -0.387161
61.500000 1.910239 1.525513 -0.396626
61.600000 2.005483 0.952442 -0.410317
61.700000 2.040563 0.350797 -0.426602
61.800000 2.014426 -0.261372 -0.443543
61.900000 1.927856 -0.865700 -0.459122
62.000000 1.783450 -1.444056 -0.471483
62.100000 1.585541 -1.979091 -0.479154
62.200000 1.340065 -2.454754 -0.481221
62.300000 1.054388 -2.856773 -0.477438
62.400000 0.737079 -3.173090 -0.468257
62.500000 0.397658 -3.394213 -0.454769
62.600000 0.046307 -3.513511 -0.438582
62.700000 -0.306434 -3.527403 -0.421624
62.800000 -0.649981 -3.435473 -0.405914
62.900000 -0.974029 -3.240478 -0.393323
63.000000 -1.268856 -2.948270 -0.385351
63.100000 -1.525617 -2.567613 -0.382947
63.200000 -1.736610 -2.109928 -0.386398
63.300000 -1.895504 -1.588945 -0.395293
63.400000 -1.997534 -1.020294 -0.408572
63.500000 -2.039637 -0.421034 -0.424653
63.600000 -2.020551 0.190857 -0.441622
63.700000 -1.940849 0.797023 -0.457458
63.800000 -1.802921 1.379277 -0.470274
63.900000 -1.610906 1.920154 -0.478543
64.000000 -1.370563 2.403426 -0.481282
64.100000 -1.089104 2.814595 -0.478164
64.200000 -0.774971 3.141326 -0.469561
64.300000 -0.437590 3.373817 -0.456496
64.400000 -0.087080 3.505094 -0.440526
64.500000 0.266042 3.531218 -0.423553
64.600000 0.611182 3.451406 -0.407599
64.700000 0.937987 3.268051 -0.394563
64.800000 1.236653 2.986655 -0.385998
64.900000 1.498219 2.615659 -0.382925
65.000000 1.714838 2.166193 -0.385709
65.100000 1.880012 1.651742 -0.394019
65.200000 1.988786 1.087738 -0.406864
65.300000 2.037896 0.491102 -0.422716
65.400000 2.025870 -0.120266 -0.439686
65.500000 1.953067 -0.728027 -0.455753
65.600000 1.821672 -1.313947 -0.469003
65.700000 1.635627 -1.860449 -0.477859
65.800000 1.400514 -2.351137 -0.481265
65.900000 1.123384 -2.771291 -0.478817
66.000000 0.812554 -3.108307 -0.470805
66.100000 0.477346 -3.352073 -0.458183
66.200000 0.127819 -3.495277 -0.442456
66.300000 -0.225543 -3.533622 -0.425496
66.400000 -0.572139 -3.465959 -0.409323
66.500000 -0.901571 -3.294317 -0.395863
66.600000 -1.203956 -3.023846 -0.386719
66.700000 -1.470222 -2.662659 -0.382981
66.800000 -1.692381 -2.221593 -0.385094
66.900000 -1.863769 -1.713879 -0.392805
67.000000 -1.979244 -1.154748 -0.405197
67.100000 -2.035341 -0.560975 -0.420794
67.200000 -2.030378 0.049627 -0.437738
67.300000 -1.964504 0.658741 -0.454010
67.400000 -1.839695 1.248092 -0.467674
67.500000 -1.659695 1.800001 -0.477102
67.600000 -1.429904 2.297909 -0.481170
67.700000 -1.157216 2.726880 -0.479394
67.800000 -0.849812 3.074045 -0.471987
67.900000 -0.516913 3.328989 -0.459829
68.000000 -0.168506 3.484062 -0.444369
68.100000 0.184955 3.534614 -0.427449
68.200000 0.532868 3.479128 -0.411083
68.300000 0.864795 3.319267 -0.397221
68.400000 1.170777 3.059829 -0.387513
68.500000 1.441637 2.708596 -0.383116
68.600000 1.669248 2.276105 -0.384554
68.700000 1.846781 1.775330 -0.391655
68.800000 1.968910 1.221296 -0.403573
68.900000 2.031973 0.630623 -0.418890
69.000000 2.034076 0.021031 -0.435780
69.100000 1.975157 -0.589191 -0.452233
69.200000 1.856983 -1.181738 -0.466288
69.300000 1.683099 -1.738833 -0.476272
69.400000 1.458723 -2.243763 -0.480996
69.500000 1.190585 -2.681380 -0.479897
69.600000 0.886730 -3.038555 -0.473105
69.700000 0.556272 -3.304574 -0.461431
69.800000 0.209127 -3.471456 -0.446263
69.900000 -0.144293 -3.534194 -0.429410
70.000000 -0.493383 -3.490906 -0.412877
70.100000 -0.827672 -3.342891 -0.398634
70.200000 -1.137131 -3.094589 -0.388378
70.300000 -1.412476 -2.753450 -0.383329
70.400000 -1.645447 -2.329707 -0.384090
70.500000 -1.829054 -1.836073 -0.390569
70.600000 -1.957790 -1.287357 -0.401995
70.700000 -2.027792 -0.700020 -0.417007
70.800000 -2.036960 -0.091682 -0.433817
70.900000 -1.985020 0.519406 -0.450423
71.000000 -1.873528 1.114912 -0.464848
71.100000 -1.705831 1.676970 -0.475372
71.200000 -1.486959 2.188720 -0.480744
71.300000 -1.223479 2.634808 -0.480322
71.400000 -0.923293 3.001851 -0.474158
71.500000 -0.595410 3.278839 -0.462985
71.600000 -0.249663 3.457462 -0.448135
71.700000 0.103573 3.532361 -0.431375
71.800000 0.453702 3.501289 -0.414702
71.900000 0.790220 3.365179 -0.400101
72.000000 1.103031 3.128113 -0.389313
72.100000 1.382751 2.797204 -0.383620
72.200000 1.620989 2.382378 -0.383703
72.300000 1.810597 1.896081 -0.389549
72.400000 1.945887 1.352902 -0.400465
72.500000 2.022801 0.769136 -0.415148
72.600000 2.039031 0.162296 -0.431851
72.700000 1.994089 -0.449413 -0.448584
72.800000 1.889325 -1.047640 -0.463355
72.900000 1.727881 -1.614438 -0.474403
73.000000 1.514601 -2.132802 -0.480414
73.100000 1.255883 -2.587183 -0.480671
73.200000 0.959488 -2.963948 -0.475144
73.300000 0.634309 -3.251794 -0.464491
73.400000 0.290100 -3.442087 -0.449980
73.500000 -0.062811 -3.529117 -0.433341
73.600000 -0.413839 -3.510273 -0.416554
73.700000 -0.752451 -3.386122 -0.401620
73.800000 -1.068490 -3.160386 -0.390316
73.900000 -1.352474 -2.839839 -0.383989
74.000000 -1.595883 -2.434097 -0.383393
74.100000 -1.791417 -1.955332 -0.388598
74.200000 -1.933207 -1.417907 -0.398985
74.300000 -2.017002 -0.837945 -0.413316
74.400000 -2.040286 -0.232845 -0.429885
74.500000 -2.002362 0.379241 -0.446719
74.600000 -1.904367 0.979950 -0.461812
74.700000 -1.749241 1.551260 -0.473366
74.800000 -1.541638 2.076032 -0.480007
74.900000 -1.287786 2.538524 -0.480942
75.000000 -0.995300 2.924859 -0.476061
75.100000 -0.672955 3.223449 -0.465944
75.200000 -0.330421 3.425336 -0.451797
75.300000 0.022025 3.524462 -0.435305
75.400000 0.373811 3.517855 -0.418432
75.500000 0.714382 3.405711 -0.403187
75.600000 1.033521 3.191397 -0.391386
75.700000 1.321655 2.881340 -0.384434
75.800000 1.570140 2.484844 -0.383161
75.900000 1.771520 2.013802 -0.387716
76.000000 1.919755 1.482346 -0.397558
76.100000 2.010397 0.906420 -0.411515
76.200000 2.040727 0.303301 -0.427923
76.300000 2.009835 -0.308917 -0.444830
76.400000 1.918648 -0.911868 -0.460221
76.500000 1.769902 -1.487462 -0.472264
76.600000 1.568059 -2.018433 -0.479523
76.700000 1.319174 -2.488850 -0.481135
76.800000 1.030713 -2.884602 -0.476907
76.900000 0.711332 -3.193816 -0.467344
77.000000 0.370610 -3.407216 -0.453583
77.100000 0.018770 -3.518399 -0.437264
77.200000 -0.333633 -3.524030 -0.420331
77.300000 -0.676027 -3.423940 -0.404800
77.400000 -0.998140 -3.221132 -0.392521
77.500000 -1.290309 -2.921690 -0.384956
77.600000 -1.543769 -2.534597 -0.383007
77.700000 -1.750915 -2.071467 -0.386905
77.800000 -1.905535 -1.546192 -0.396187
77.900000 -2.002988 -0.974532 -0.409746
78.000000 -2.040351 -0.373635 -0.425968
78.100000 -2.016504 0.238470 -0.442921
78.200000 -1.932162 0.843421 -0.458586
78.300000 -1.789855 1.423070 -0.471097
78.400000 -1.593853 1.960027 -0.478964
78.500000 -1.350034 2.438182 -0.481249
78.600000 -1.065715 2.843193 -0.477682
78.700000 -0.749424 3.162907 -0.468687
78.800000 -0.410651 3.387734 -0.455334
78.900000 -0.059558 3.510930 -0.439215
79.000000 0.293322 3.528797 -0.422249
79.100000 0.637402 3.440801 -0.406457
79.200000 0.962360 3.249580 -0.393719
79.300000 1.258447 2.960872 -0.385553
79.400000 1.516781 2.583338 -0.382931
79.500000 1.729611 2.128304 -0.386166
79.600000 1.890553 1.609420 -0.394872
79.700000 1.994779 1.042254 -0.408013
79.800000 2.039161 0.443821 -0.424022
79.900000 2.022368 -0.167928 -0.440995
80.000000 1.944904 -0.774638 -0.456908
80.100000 1.809093 -1.358109 -0.469867
80.200000 1.619010 -1.900837 -0.478329
80.300000 1.380356 -2.386540 -0.481286
80.400000 1.100291 -2.800647 -0.478384
80.500000 0.787217 -3.130734 -0.469971
80.600000 0.450528 -3.366899 -0.457048
80.700000 0.100322 -3.502058 -0.441155
80.800000 -0.252894 -3.532154 -0.424183
80.900000 -0.598522 -3.456286 -0.408155
81.000000 -0.926195 -3.276729 -0.394979
81.100000 -1.226082 -2.998871 -0.386225
81.200000 -1.489187 -2.631046 -0.382935
81.300000 -1.707616 -2.184290 -0.385501
81.400000 -1.874816 -1.672005 -0.393618
81.500000 -1.985772 -1.109560 -0.406318
81.600000 -2.037155 -0.513829 -0.422090
81.700000 -2.027423 0.097318 -0.439054
81.800000 -1.956869 0.705545 -0.455191
81.900000 -1.827608 1.292606 -0.468578
82.000000 -1.643520 1.840888 -0.477621
82.100000 -1.410125 2.333944 -0.481243
82.200000 -1.134427 2.756982 -0.479013
82.300000 -0.824696 3.097310 -0.471196
82.400000 -0.490224 3.344719 -0.458723
82.500000 -0.141046 3.491786 -0.443080
82.600000 0.212364 3.534099 -0.426129
82.700000 0.559403 3.470390 -0.409891
82.800000 0.889660 3.302569 -0.396298
82.900000 1.193227 3.035671 -0.386969
83.000000 1.460998 2.677703 -0.383017
83.100000 1.684938 2.239404 -0.384910
83.200000 1.858330 1.733922 -0.392425
83.300000 1.975973 1.176423 -0.404665
83.400000 2.034336 0.583631 -0.420173
83.500000 2.031669 -0.026669 -0.437102
83.600000 1.968052 -0.636170 -0.453437
83.700000 1.845393 -1.226585 -0.467230
83.800000 1.667373 -1.780203 -0.476840
83.900000 1.439331 -2.280415 -0.481122
84.000000 1.168110 -2.712215 -0.479566
84.100000 0.861845 -3.062648 -0.472357
84.200000 0.529725 -3.321201 -0.460354
84.300000 0.181713 -3.480119 -0.444987
84.400000 -0.171750 -3.534633 -0.428085
84.500000 -0.520061 -3.483108 -0.411662
84.600000 -0.852770 -3.327089 -0.397674
84.700000 -1.159896 -3.071258 -0.387786
84.800000 -1.432225 -2.723290 -0.383177
84.900000 -1.661587 -2.293622 -0.384395
85.000000 -1.841101 -1.795146 -0.391295
85.100000 -1.965383 -1.242816 -0.403055
85.200000 -2.030703 -0.653201 -0.418276
85.300000 -2.035102 -0.043990 -0.435143
85.400000 -1.978448 0.566541 -0.451648
85.500000 -1.862441 1.160075 -0.465826
85.600000 -1.690560 1.718807 -0.475987
85.700000 -1.467962 2.225975 -0.480922
85.800000 -1.201326 2.666364 -0.480043
85.900000 -0.898650 3.026762 -0.473455
86.000000 -0.569014 3.296357 -0.461941
86.100000 -0.222308 3.467061 -0.446874
86.200000 0.131067 3.533753 -0.430048
86.300000 0.480511 3.494433 -0.413467
86.400000 0.815539 3.350280 -0.399105
86.500000 1.126100 3.105618 -0.388674
86.600000 1.402879 2.767788 -0.383415
86.700000 1.637572 2.346924 -0.383956
86.800000 1.823137 1.855653 -0.390230
86.900000 1.954008 1.308712 -0.401492
87.000000 2.026259 0.722509 -0.416400
87.100000 2.037722 0.114632 -0.433178
87.200000 1.988054 -0.496685 -0.449829
87.300000 1.878744 -1.093101 -0.464368
87.400000 1.713071 -1.656724 -0.475065
87.500000 1.496007 -2.170646 -0.480645
87.600000 1.234062 -2.619448 -0.480444
87.700000 0.935095 -2.989666 -0.474486
87.800000 0.608076 -3.270195 -0.463480
87.900000 0.262814 -3.452617 -0.448737
88.000000 -0.090332 -3.531462 -0.432014
88.100000 -0.440768 -3.504362 -0.415301
88.200000 -0.777982 -3.372132 -0.400589
88.300000 -1.091855 -3.138737 -0.389631
88.400000 -1.372973 -2.811180 -0.383732
88.500000 -1.612902 -2.399289 -0.383593
88.600000 -1.804444 -1.915418 -0.389233
88.700000 -1.941852 -1.374085 -0.399978
88.800000 -2.021005 -0.791529 -0.414550
88.900000 -2.039528 -0.185227 -0.431212
89.000000 -1.996865 0.426631 -0.447981
89.100000 -1.894296 1.025691 -0.462859
89.200000 -1.734898 1.593979 -0.474074
89.300000 -1.523453 2.114449 -0.480290
89.400000 -1.266305 2.571485 -0.480767
89.500000 -0.971167 2.951376 -0.475449
89.600000 -0.646894 3.242726 -0.464969
89.700000 -0.303215 3.436794 -0.450574
89.800000 0.049561 3.527759 -0.433979
89.900000 0.400850 3.512891 -0.417162
90.000000 0.740114 3.392636 -0.402124
90.100000 1.057174 3.170602 -0.390656
90.200000 1.342519 2.853449 -0.384125
90.300000 1.587588 2.450694 -0.383309
90.400000 1.785030 1.974417 -0.388304
90.500000 1.928921 1.438909 -0.398515
90.600000 2.014944 0.860232 -0.412727
90.700000 2.040519 0.255749 -0.429247
90.800000 2.004878 -0.356406 -0.446108
90.900000 1.909091 -0.957870 -0.461300
91.000000 1.756031 -1.530597 -0.473015
91.100000 1.550291 -2.057407 -0.479858
91.200000 1.298041 -2.522494 -0.481013
91.300000 1.006851 -2.911906 -0.476343
91.400000 0.685455 -3.213962 -0.466405
91.500000 0.343495 -3.419598 -0.452381
91.600000 -0.008770 -3.522646 -0.435942
91.700000 -0.360771 -3.520015 -0.419047
91.800000 -0.701950 -3.411784 -0.403706
91.900000 -1.022070 -3.201199 -0.391748
92.000000 -1.311527 -2.894578 -0.384596
92.100000 -1.561639 -2.501120 -0.383102
92.200000 -1.764902 -2.032628 -0.387445
92.300000 -1.915218 -1.503157 -0.397106
92.400000 -2.008077 -0.928592 -0.410936
92.500000 -2.040694 -0.326169 -0.427287
92.600000 -2.012090 0.286039 -0.444212
92.700000 -1.923124 0.889666 -0.459695
92.800000 -1.776463 1.466604 -0.471891
92.900000 -1.576509 1.999542 -0.479349
93.000000 -1.329259 2.472495 -0.481181
93.100000 -1.042132 2.871273 -0.477167
93.200000 -0.723741 3.183913 -0.467786
93.300000 -0.383637 3.401035 -0.454156
93.400000 -0.032025 3.516126 -0.437899
93.500000 0.320549 3.525733 -0.420952
93.600000 0.663505 3.429569 -0.405334
93.700000 0.986557 3.230517 -0.392903
93.800000 1.280012 2.934550 -0.385142
93.900000 1.535067 2.550546 -0.382974
94.000000 1.744069 2.090026 -0.386657
94.100000 1.900750 1.566806 -0.395753
94.200000 2.000408 0.996580 -0.409179
94.300000 2.040054 0.396458 -0.425335
94.400000 2.018498 -0.215558 -0.442297
94.500000 1.936387 -0.821108 -0.458045
94.600000 1.796185 -1.402024 -0.470704
94.700000 1.602097 -1.940879 -0.478766
94.800000 1.359946 -2.421508 -0.481270
94.900000 1.076997 -2.829492 -0.477918
95.000000 0.761738 -3.152591 -0.469111
95.100000 0.423627 -3.381113 -0.455895
95.200000 0.072807 -3.508201 -0.439847
95.300000 -0.280198 -3.530043 -0.422876
95.400000 -0.624796 -3.445983 -0.407004
95.500000 -0.950651 -3.258544 -0.394122
95.600000 -1.247985 -2.973349 -0.385763
95.700000 -1.507881 -2.598954 -0.382924
95.800000 -1.722540 -2.146589 -0.385942
95.900000 -1.885522 -1.629828 -0.394458
96.000000 -1.991940 -1.064171 -0.407458
96.100000 -2.038598 -0.466589 -0.423393
96.200000 -2.024099 0.144991 -0.440366
96.300000 -1.948877 0.752220 -0.456354
96.400000 -1.815189 1.336884 -0.469455
96.500000 -1.627045 1.881440 -0.478107
96.600000 -1.390090 2.369554 -0.481280
96.700000 -1.111431 2.786581 -0.478597
96.800000 -0.799430 3.120010 -0.470376
96.900000 -0.463447 3.359839 -0.457597
97.000000 -0.113559 3.498873 -0.441782
97.100000 0.239735 3.532941 -0.424814
97.200000 0.585837 3.461021 -0.408715
97.300000 0.914364 3.285269 -0.395401
97.400000 1.215460 3.010960 -0.386459
97.500000 1.480092 2.646322 -0.382953
97.600000 1.700322 2.202295 -0.385301
97.700000 1.869541 1.692198 -0.393223
97.800000 1.982675 1.131336 -0.405776
97.900000 2.036328 0.536533 -0.421465
98.000000 2.028892 -0.074365 -0.438421
98.100000 1.960589 -0.683033 -0.454625
98.200000 1.833468 -1.271209 -0.468146
98.300000 1.651343 -1.821250 -0.477375
98.400000 1.419677 -2.316652 -0.481212
98.500000 1.145422 -2.742556 -0.479201
98.600000 0.836804 -3.086182 -0.471580
98.700000 0.503081 -3.337223 -0.459258
98.800000 0.154267 -3.488148 -0.443701
98.900000 -0.199176 -3.534428 -0.426764
99.000000 -0.546644 -3.474675 -0.410463
99.100000 -0.877712 -3.310682 -0.396739
99.200000 -1.182449 -3.047368 -0.387227
99.300000 -1.451712 -2.692633 -0.383060
99.400000 -1.677424 -2.257120 -0.384734
99.500000 -1.852813 -1.753893 -0.392050
99.600000 -1.972618 -1.198049 -0.404137
99.700000 -2.033244 -0.606263 -0.419554
99.800000 -2.032873 0.003710 -0.436466
99.900000 -1.971516 0.613572 -0.452859
100.000000 -1.851014 1.205027 -0.466780
