#Posizione iniziale=2.000000
#Velocita' iniziale=1.000000
#Pulsazione al quadrato=3.000000
#Tempo massimo di integrazione=100.000000
#Passo di tempo=0.050000
#E' stato utilizzato l'algoritmo di Eulero-Cromer
#Legenda
#1:t 2:x 3:v 4:dE
0 2.000000 1.000000 0
0.050000 2.035000 0.700000 -0.413015
0.100000 2.054738 0.394750 -0.417197
0.150000 2.059064 0.086539 -0.421512
0.200000 2.047948 -0.222320 -0.425832
0.250000 2.021473 -0.529513 -0.430025
0.300000 1.979836 -0.832733 -0.433968
0.350000 1.923351 -1.129709 -0.437542
0.400000 1.852440 -1.418212 -0.440640
0.450000 1.767636 -1.696078 -0.443169
0.500000 1.669575 -1.961223 -0.445053
0.550000 1.558992 -2.211659 -0.446236
0.600000 1.436717 -2.445508 -0.446683
0.650000 1.303666 -2.661016 -0.446380
0.700000 1.160838 -2.856565 -0.445336
0.750000 1.009303 -3.030691 -0.443583
0.800000 0.850199 -3.182087 -0.441173
0.850000 0.684718 -3.309616 -0.438178
0.900000 0.514102 -3.412324 -0.434688
0.950000 0.339630 -3.489439 -0.430808
1.000000 0.162611 -3.540384 -0.426653
1.050000 -0.015628 -3.564775 -0.422347
1.100000 -0.193750 -3.562431 -0.418021
1.150000 -0.370418 -3.533369 -0.413803
1.200000 -0.544308 -3.477806 -0.409820
1.250000 -0.714116 -3.396160 -0.406191
1.300000 -0.878569 -3.289042 -0.403025
1.350000 -1.036431 -3.157257 -0.400416
1.400000 -1.186521 -3.001792 -0.398443
1.450000 -1.327712 -2.823814 -0.397164
1.500000 -1.458945 -2.624657 -0.396619
1.550000 -1.579235 -2.405816 -0.396823
1.600000 -1.687682 -2.168930 -0.397770
1.650000 -1.783471 -1.915778 -0.399431
1.700000 -1.865884 -1.648257 -0.401758
1.750000 -1.934302 -1.368375 -0.404681
1.800000 -1.988214 -1.078230 -0.408111
1.850000 -2.027214 -0.779997 -0.411946
1.900000 -2.051010 -0.475915 -0.416072
1.950000 -2.059423 -0.168264 -0.420365
2.000000 -2.052390 0.140649 -0.424695
2.050000 -2.029965 0.448508 -0.428935
2.100000 -1.992315 0.753003 -0.432956
2.150000 -1.939722 1.051850 -0.436638
2.200000 -1.872582 1.342808 -0.439872
2.250000 -1.791397 1.623696 -0.442559
2.300000 -1.696777 1.892405 -0.444620
2.350000 -1.589431 2.146922 -0.445994
2.400000 -1.470164 2.385336 -0.446638
2.450000 -1.339871 2.605861 -0.446533
2.500000 -1.199529 2.806841 -0.445683
2.550000 -1.050190 2.986771 -0.444114
2.600000 -0.892975 3.144299 -0.441871
2.650000 -0.729063 3.278246 -0.439023
2.700000 -0.559683 3.387605 -0.435654
2.750000 -0.386105 3.471557 -0.431866
2.800000 -0.209631 3.529473 -0.427772
2.850000 -0.031585 3.560918 -0.423494
2.900000 0.146697 3.565656 -0.419161
2.950000 0.323880 3.543651 -0.414902
3.000000 0.498633 3.495069 -0.410845
3.050000 0.669647 3.420274 -0.407111
3.100000 0.835639 3.319827 -0.403812
3.150000 0.995363 3.194481 -0.401048
3.200000 1.147621 3.045177 -0.398900
3.250000 1.291273 2.873034 -0.397433
3.300000 1.425240 2.679343 -0.396691
3.350000 1.548518 2.465557 -0.396696
3.400000 1.660182 2.233279 -0.397448
3.450000 1.759395 1.984252 -0.398924
3.500000 1.845412 1.720342 -0.401081
3.550000 1.917588 1.443531 -0.403854
3.600000 1.975383 1.155892 -0.407159
3.650000 2.018362 0.859585 -0.410898
3.700000 2.046204 0.556831 -0.414959
3.750000 2.058699 0.249900 -0.419220
3.800000 2.055753 -0.058905 -0.423553
3.850000 2.037390 -0.367268 -0.427829
3.900000 2.003746 -0.672876 -0.431920
3.950000 1.955074 -0.973438 -0.435703
4.000000 1.891739 -1.266699 -0.439065
4.050000 1.814216 -1.550460 -0.441906
4.100000 1.723087 -1.822593 -0.444140
4.150000 1.619034 -2.081056 -0.445700
4.200000 1.502838 -2.323911 -0.446540
4.250000 1.375372 -2.549336 -0.446634
4.300000 1.237589 -2.755642 -0.445980
4.350000 1.090525 -2.941281 -0.444597
4.400000 0.935282 -3.104859 -0.442527
4.450000 0.773025 -3.245152 -0.439831
4.500000 0.604970 -3.361106 -0.436591
4.550000 0.432377 -3.451851 -0.432903
4.600000 0.256542 -3.516708 -0.428879
4.650000 0.078782 -3.555189 -0.424637
4.700000 -0.099568 -3.567006 -0.420306
4.750000 -0.277172 -3.552071 -0.416015
4.800000 -0.452696 -3.510495 -0.411892
4.850000 -0.624826 -3.442591 -0.408061
4.900000 -0.792269 -3.348867 -0.404637
4.950000 -0.953771 -3.230026 -0.401722
5.000000 -1.108119 -3.086961 -0.399404
5.050000 -1.254156 -2.920743 -0.397752
5.100000 -1.390787 -2.732620 -0.396815
5.150000 -1.516987 -2.524002 -0.396621
5.200000 -1.631810 -2.296454 -0.397177
5.250000 -1.734394 -2.051682 -0.398465
5.300000 -1.823970 -1.791523 -0.400448
5.350000 -1.899866 -1.517928 -0.403065
5.400000 -1.961514 -1.232948 -0.406238
5.450000 -2.008450 -0.938721 -0.409872
5.500000 -2.040322 -0.637453 -0.413859
5.550000 -2.056893 -0.331405 -0.418080
5.600000 -2.058036 -0.022871 -0.422406
5.650000 -2.043744 0.285834 -0.426710
5.700000 -2.014125 0.592396 -0.430862
5.750000 -1.969399 0.894515 -0.434739
5.800000 -1.909903 1.189924 -0.438223
5.850000 -1.836082 1.476410 -0.441210
5.900000 -1.748491 1.751822 -0.443612
5.950000 -1.647786 2.014096 -0.445355
6.000000 -1.534723 2.261264 -0.446389
6.050000 -1.410149 2.491472 -0.446682
6.100000 -1.275000 2.702995 -0.446225
6.150000 -1.130287 2.894245 -0.445032
6.200000 -0.977098 3.063788 -0.443138
6.250000 -0.816580 3.210352 -0.440601
6.300000 -0.649938 3.332839 -0.437496
6.350000 -0.478422 3.430330 -0.433917
6.400000 -0.303317 3.502094 -0.429970
6.450000 -0.125938 3.547591 -0.425773
6.500000 0.052386 3.566482 -0.421453
6.550000 0.230318 3.558624 -0.417139
6.600000 0.406521 3.524076 -0.412959
6.650000 0.579676 3.463098 -0.409040
6.700000 0.748484 3.376147 -0.405498
6.750000 0.911677 3.263874 -0.402439
6.800000 1.068033 3.127122 -0.399955
6.850000 1.216379 2.966917 -0.398121
6.900000 1.355602 2.784461 -0.396991
6.950000 1.484658 2.581120 -0.396599
7.000000 1.602579 2.358421 -0.396958
7.050000 1.708481 2.118035 -0.398055
7.100000 1.801569 1.861762 -0.399858
7.150000 1.881146 1.591527 -0.402314
7.200000 1.946613 1.309355 -0.405349
7.250000 1.997481 1.017363 -0.408872
7.300000 2.033369 0.717741 -0.412777
7.350000 2.054005 0.412736 -0.416947
7.400000 2.059237 0.104635 -0.421258
7.450000 2.049025 -0.204251 -0.425581
7.500000 2.023444 -0.511604 -0.429785
7.550000 1.982688 -0.815121 -0.433746
7.600000 1.927062 -1.112524 -0.437345
7.650000 1.856983 -1.401584 -0.440473
7.700000 1.772976 -1.680131 -0.443037
7.750000 1.675672 -1.946077 -0.444961
7.800000 1.565801 -2.197428 -0.446187
7.850000 1.444186 -2.432298 -0.446677
7.900000 1.311740 -2.648926 -0.446418
7.950000 1.169455 -2.845687 -0.445418
8.000000 1.018400 -3.021106 -0.443705
8.050000 0.859707 -3.173866 -0.441331
8.100000 0.694566 -3.302822 -0.438368
8.150000 0.524215 -3.407007 -0.434905
8.200000 0.349933 -3.485639 -0.431044
8.250000 0.173027 -3.538129 -0.426901
8.300000 -0.005177 -3.564083 -0.422601
8.350000 -0.183342 -3.563306 -0.418273
8.400000 -0.360133 -3.535805 -0.414045
8.450000 -0.534222 -3.481785 -0.410045
8.500000 -0.704305 -3.401652 -0.406392
8.550000 -0.869105 -3.296006 -0.403196
8.600000 -1.027387 -3.165640 -0.400552
8.650000 -1.177963 -3.011532 -0.398540
8.700000 -1.319705 -2.834838 -0.397219
8.750000 -1.451549 -2.636882 -0.396630
8.800000 -1.572507 -2.419150 -0.396790
8.850000 -1.681671 -2.183274 -0.397694
8.900000 -1.778222 -1.931023 -0.399315
8.950000 -1.861436 -1.664290 -0.401605
9.000000 -1.930690 -1.385074 -0.404494
9.050000 -1.985464 -1.095471 -0.407898
9.100000 -2.025346 -0.797651 -0.411712
9.150000 -2.050039 -0.493849 -0.415824
9.200000 -2.059356 -0.186344 -0.420111
9.250000 -2.053228 0.122560 -0.424443
9.300000 -2.031701 0.430544 -0.428691
9.350000 -1.994936 0.735299 -0.432729
9.400000 -1.943209 1.034539 -0.436434
9.450000 -1.876908 1.326021 -0.439696
9.500000 -1.796530 1.607557 -0.442418
9.550000 -1.702678 1.877036 -0.444518
9.600000 -1.596056 2.132438 -0.445933
9.650000 -1.477464 2.371846 -0.446620
9.700000 -1.347790 2.593466 -0.446560
9.750000 -1.208009 2.795635 -0.445753
9.800000 -1.059167 2.976836 -0.444225
9.850000 -0.902381 3.135711 -0.442020
9.900000 -0.738828 3.271068 -0.439205
9.950000 -0.569733 3.381892 -0.435864
10.000000 -0.396366 3.467352 -0.432098
10.050000 -0.220025 3.526807 -0.428018
10.100000 -0.042035 3.559811 -0.423748
10.150000 0.136271 3.566116 -0.419414
10.200000 0.313555 3.545676 -0.415147
10.250000 0.488487 3.498642 -0.411075
10.300000 0.659755 3.425369 -0.407319
10.350000 0.826076 3.326406 -0.403992
10.400000 0.986200 3.202495 -0.401193
10.450000 1.138929 3.054565 -0.399007
10.500000 1.283115 2.883725 -0.397499
10.550000 1.417678 2.691258 -0.396714
10.600000 1.541608 2.478606 -0.396675
10.650000 1.653976 2.247365 -0.397383
10.700000 1.753940 1.999269 -0.398819
10.750000 1.840749 1.736178 -0.400937
10.800000 1.913752 1.460065 -0.403676
10.850000 1.972402 1.173003 -0.406953
10.900000 2.016259 0.877142 -0.410669
10.950000 2.044994 0.574703 -0.414714
11.000000 2.058392 0.267954 -0.418967
11.050000 2.056352 -0.040804 -0.423299
11.100000 2.038889 -0.349257 -0.427582
11.150000 2.006134 -0.655091 -0.431688
11.200000 1.958334 -0.956011 -0.435492
11.250000 1.895846 -1.249761 -0.438882
11.300000 1.819139 -1.534138 -0.441756
11.350000 1.728789 -1.807009 -0.444027
11.400000 1.625472 -2.066327 -0.445628
11.450000 1.509965 -2.310148 -0.446511
11.500000 1.383133 -2.536642 -0.446649
11.550000 1.245927 -2.744112 -0.446038
11.600000 1.099377 -2.931001 -0.444697
11.650000 0.944582 -3.095908 -0.442666
11.700000 0.782702 -3.237595 -0.440005
11.750000 0.614952 -3.355000 -0.436794
11.800000 0.442590 -3.447243 -0.433130
11.850000 0.266908 -3.513632 -0.429121
11.900000 0.089225 -3.553668 -0.424889
11.950000 -0.089128 -3.567052 -0.420560
12.000000 -0.266812 -3.553682 -0.416263
12.050000 -0.442495 -3.513661 -0.412127
12.100000 -0.614859 -3.447286 -0.408275
12.150000 -0.782612 -3.355057 -0.404825
12.200000 -0.944496 -3.237666 -0.401878
12.250000 -1.099295 -3.095991 -0.399522
12.300000 -1.245850 -2.931097 -0.397829
12.350000 -1.383061 -2.744220 -0.396849
12.400000 -1.509899 -2.536760 -0.396612
12.450000 -1.625413 -2.310276 -0.397124
12.500000 -1.728736 -2.066464 -0.398370
12.550000 -1.819094 -1.807153 -0.400313
12.600000 -1.895808 -1.534289 -0.402895
12.650000 -1.958304 -1.249918 -0.406038
12.700000 -2.006113 -0.956172 -0.409649
12.750000 -2.038875 -0.655256 -0.413618
12.800000 -2.056347 -0.349424 -0.417828
12.850000 -2.058395 -0.040972 -0.422152
12.900000 -2.045006 0.267787 -0.426461
12.950000 -2.016279 0.574538 -0.430626
13.000000 -1.972430 0.876980 -0.434521
13.050000 -1.913788 1.172844 -0.438031
13.100000 -1.840792 1.459912 -0.441050
13.150000 -1.753991 1.736031 -0.443489
13.200000 -1.654034 1.999130 -0.445272
13.250000 -1.541672 2.247235 -0.446349
13.300000 -1.417748 2.478486 -0.446685
13.350000 -1.283191 2.691148 -0.446272
13.400000 -1.139009 2.883626 -0.445121
13.450000 -0.986285 3.054478 -0.443268
13.500000 -0.826164 3.202421 -0.440766
13.550000 -0.659847 3.326345 -0.437692
13.600000 -0.488581 3.425322 -0.434138
13.650000 -0.313651 3.498610 -0.430209
13.700000 -0.136368 3.545657 -0.426024
13.750000 0.041938 3.566112 -0.421708
13.800000 0.219929 3.559822 -0.417389
13.850000 0.396271 3.526832 -0.413198
13.900000 0.569640 3.467392 -0.409260
13.950000 0.738738 3.381946 -0.405693
14.000000 0.902294 3.271135 -0.402603
14.050000 1.059084 3.135791 -0.400084
14.100000 1.207930 2.976928 -0.398210
14.150000 1.347717 2.795739 -0.397037
14.200000 1.477396 2.593581 -0.396602
14.250000 1.595995 2.371972 -0.396916
14.300000 1.702623 2.132573 -0.397971
14.350000 1.796482 1.877179 -0.399734
14.400000 1.876868 1.607707 -0.402154
14.450000 1.943177 1.326177 -0.405157
14.500000 1.994912 1.034700 -0.408654
14.550000 2.031685 0.735463 -0.412539
14.600000 2.053220 0.430711 -0.416698
14.650000 2.059357 0.122728 -0.421004
14.700000 2.050048 -0.186176 -0.425330
14.750000 2.025364 -0.493683 -0.429545
14.800000 1.985489 -0.797488 -0.433523
14.850000 1.930724 -1.095311 -0.437146
14.900000 1.861478 -1.384920 -0.440305
14.950000 1.778271 -1.664141 -0.442904
15.000000 1.681727 -1.930882 -0.444867
15.050000 1.572570 -2.183141 -0.446135
15.100000 1.451618 -2.419026 -0.446669
15.150000 1.319780 -2.636769 -0.446454
15.200000 1.178043 -2.834736 -0.445496
15.250000 1.027471 -3.011442 -0.443824
15.300000 0.869193 -3.165563 -0.441487
15.350000 0.704396 -3.295942 -0.438557
15.400000 0.534316 -3.401601 -0.435120
15.450000 0.360228 -3.481749 -0.431279
15.500000 0.183439 -3.535783 -0.427150
15.550000 0.005274 -3.563299 -0.422855
15.600000 -0.172930 -3.564090 -0.418525
15.650000 -0.349838 -3.538150 -0.414288
15.700000 -0.524122 -3.485675 -0.410271
15.750000 -0.694475 -3.407056 -0.406595
15.800000 -0.859619 -3.302885 -0.403369
15.850000 -1.018316 -3.173942 -0.400690
15.900000 -1.169376 -3.021195 -0.398639
15.950000 -1.311665 -2.845789 -0.397277
16.000000 -1.444117 -2.649039 -0.396644
16.050000 -1.565738 -2.432421 -0.396760
16.100000 -1.675616 -2.197561 -0.397621
16.150000 -1.772927 -1.946218 -0.399201
16.200000 -1.856941 -1.680279 -0.401453
16.250000 -1.927028 -1.401738 -0.404310
16.300000 -1.982662 -1.112684 -0.407686
16.350000 -2.023426 -0.815284 -0.411480
16.400000 -2.049015 -0.511771 -0.415578
16.450000 -2.059236 -0.204418 -0.419857
16.500000 -2.054012 0.104467 -0.424190
16.550000 -2.033384 0.412569 -0.428447
16.600000 -1.997505 0.717576 -0.432500
16.650000 -1.946645 1.017202 -0.436228
16.700000 -1.881185 1.309199 -0.439519
16.750000 -1.801616 1.591377 -0.442275
16.800000 -1.708535 1.861619 -0.444413
16.850000 -1.602640 2.117899 -0.445870
16.900000 -1.484725 2.358295 -0.446601
16.950000 -1.355675 2.581004 -0.446584
17.000000 -1.216457 2.784356 -0.445821
17.050000 -1.068116 2.966824 -0.444333
17.100000 -0.911764 3.127042 -0.442167
17.150000 -0.748574 3.263806 -0.439385
17.200000 -0.579769 3.376092 -0.436073
17.250000 -0.406616 3.463058 -0.432328
17.300000 -0.230414 3.524050 -0.428264
17.350000 -0.052483 3.558612 -0.424001
17.400000 0.125841 3.566485 -0.419667
17.450000 0.303221 3.547609 -0.415393
17.500000 0.478328 3.502125 -0.411306
17.550000 0.649847 3.430376 -0.407528
17.600000 0.816491 3.332899 -0.404173
17.650000 0.977013 3.210426 -0.401341
17.700000 1.130206 3.063874 -0.399117
17.750000 1.274924 2.894343 -0.397568
17.800000 1.410079 2.703104 -0.396739
17.850000 1.534658 2.491592 -0.396656
17.900000 1.647728 2.261394 -0.397322
17.950000 1.748440 2.014234 -0.398715
18.000000 1.836038 1.751968 -0.400795
18.050000 1.909866 1.476563 -0.403500
18.100000 1.969370 1.190083 -0.406747
18.150000 2.014104 0.894677 -0.410441
18.200000 2.043732 0.592561 -0.414470
18.250000 2.058032 0.286002 -0.418714
18.300000 2.056897 -0.022703 -0.423046
18.350000 2.040335 -0.331238 -0.427335
18.400000 2.008471 -0.637288 -0.431454
18.450000 1.961543 -0.938559 -0.435280
18.500000 1.899904 -1.232790 -0.438697
18.550000 1.824015 -1.517776 -0.441603
18.600000 1.734446 -1.791378 -0.443912
18.650000 1.631869 -2.051545 -0.445554
18.700000 1.517052 -2.296325 -0.446479
18.750000 1.390858 -2.523883 -0.446662
18.800000 1.254233 -2.732512 -0.446095
18.850000 1.108200 -2.920647 -0.444795
18.900000 0.953856 -3.086877 -0.442803
18.950000 0.792359 -3.229955 -0.440177
19.000000 0.624918 -3.348809 -0.436996
19.050000 0.452791 -3.442547 -0.433355
19.100000 0.277268 -3.510465 -0.429364
19.150000 0.099665 -3.552056 -0.425141
19.200000 -0.078685 -3.567005 -0.420814
19.250000 -0.256446 -3.555202 -0.416511
19.300000 -0.432282 -3.516736 -0.412362
19.350000 -0.604877 -3.451893 -0.408491
19.400000 -0.772935 -3.361162 -0.405014
19.450000 -0.935196 -3.245221 -0.402035
19.500000 -1.090443 -3.104942 -0.399643
19.550000 -1.237512 -2.941376 -0.397909
19.600000 -1.375299 -2.755749 -0.396887
19.650000 -1.502772 -2.549454 -0.396605
19.700000 -1.618974 -2.324038 -0.397073
19.750000 -1.723034 -2.081192 -0.398278
19.800000 -1.814170 -1.822737 -0.400181
19.850000 -1.891701 -1.550611 -0.402728
19.900000 -1.955044 -1.266856 -0.405840
19.950000 -2.003724 -0.973600 -0.409426
20.000000 -2.037376 -0.673041 -0.413378
20.050000 -2.055748 -0.367435 -0.417577
20.100000 -2.058701 -0.059072 -0.421898
20.150000 -2.046215 0.249733 -0.426211
20.200000 -2.018381 0.556665 -0.430388
20.250000 -1.975410 0.859422 -0.434303
20.300000 -1.917624 1.155734 -0.437838
20.350000 -1.845455 1.443377 -0.440889
20.400000 -1.759445 1.720195 -0.443363
20.450000 -1.660239 1.984112 -0.445187
20.500000 -1.548582 2.233148 -0.446306
20.550000 -1.425310 2.465435 -0.446686
20.600000 -1.291349 2.679232 -0.446317
20.650000 -1.147702 2.872934 -0.445209
20.700000 -0.995447 3.045089 -0.443395
20.750000 -0.835727 3.194407 -0.440929
20.800000 -0.669739 3.319766 -0.437887
20.850000 -0.498727 3.420226 -0.434357
20.900000 -0.323976 3.495036 -0.430448
20.950000 -0.146794 3.543632 -0.426274
21.000000 0.031488 3.565651 -0.421962
21.050000 0.209535 3.560928 -0.417640
21.100000 0.386010 3.529497 -0.413438
21.150000 0.559590 3.471596 -0.409482
21.200000 0.728972 3.387658 -0.405890
21.250000 0.892888 3.278312 -0.402769
21.300000 1.050107 3.144379 -0.400214
21.350000 1.199450 2.986863 -0.398301
21.400000 1.339797 2.806945 -0.397086
21.450000 1.470096 2.605975 -0.396607
21.500000 1.589369 2.385461 -0.396877
21.550000 1.696722 2.147056 -0.397889
21.600000 1.791349 1.892547 -0.399612
21.650000 1.872542 1.623845 -0.401995
21.700000 1.939690 1.342964 -0.404966
21.750000 1.992290 1.052010 -0.408437
21.800000 2.029949 0.753167 -0.412303
21.850000 2.052382 0.448674 -0.416449
21.900000 2.059423 0.140817 -0.420750
21.950000 2.051018 -0.168096 -0.425078
22.000000 2.027231 -0.475749 -0.429303
22.050000 1.988239 -0.779834 -0.433299
22.100000 1.934336 -1.078070 -0.436946
22.150000 1.865925 -1.368220 -0.440134
22.200000 1.783519 -1.648109 -0.442769
22.250000 1.687737 -1.915637 -0.444771
22.300000 1.579298 -2.168797 -0.446081
22.350000 1.459013 -2.405692 -0.446659
22.400000 1.327786 -2.624544 -0.446487
22.450000 1.186600 -2.823712 -0.445572
22.500000 1.036515 -3.001702 -0.443941
22.550000 0.878656 -3.157179 -0.441641
22.600000 0.714207 -3.288977 -0.438743
22.650000 0.544402 -3.396108 -0.435333
22.700000 0.370513 -3.477769 -0.431513
22.750000 0.193846 -3.533346 -0.427397
22.800000 0.015725 -3.562423 -0.423109
22.850000 -0.162514 -3.564781 -0.418777
22.900000 -0.339534 -3.540404 -0.414531
22.950000 -0.514008 -3.489474 -0.410498
23.000000 -0.684627 -3.412373 -0.406799
23.050000 -0.850111 -3.309679 -0.403544
23.100000 -1.009219 -3.182162 -0.400831
23.150000 -1.160758 -3.030780 -0.398741
23.200000 -1.303591 -2.856666 -0.397337
23.250000 -1.436647 -2.661127 -0.396661
23.300000 -1.558929 -2.445630 -0.396733
23.350000 -1.669518 -2.211791 -0.397550
23.400000 -1.767587 -1.961363 -0.399089
23.450000 -1.852398 -1.696225 -0.401304
23.500000 -1.923316 -1.418366 -0.404128
23.550000 -1.979809 -1.129868 -0.407476
23.600000 -2.021454 -0.832897 -0.411248
23.650000 -2.047938 -0.529679 -0.415331
23.700000 -2.059063 -0.222488 -0.419604
23.750000 -2.054744 0.086372 -0.423937
23.800000 -2.035015 0.394583 -0.428202
23.850000 -2.000023 0.699835 -0.432271
23.900000 -1.950031 0.999839 -0.436021
23.950000 -1.885414 1.292344 -0.439340
24.000000 -1.806656 1.575156 -0.442130
24.050000 -1.714348 1.846154 -0.444306
24.100000 -1.609183 2.103306 -0.445804
24.150000 -1.491949 2.344684 -0.446578
24.200000 -1.363525 2.568476 -0.446606
24.250000 -1.224875 2.773005 -0.445886
24.300000 -1.077038 2.956736 -0.444440
24.350000 -0.921124 3.118292 -0.442311
24.400000 -0.758300 3.256460 -0.439564
24.450000 -0.589790 3.370206 -0.436280
24.500000 -0.416857 3.458674 -0.432558
24.550000 -0.240796 3.521203 -0.428508
24.600000 -0.062930 3.557322 -0.424254
24.650000 0.115408 3.566762 -0.419921
24.700000 0.292880 3.549450 -0.415639
24.750000 0.468156 3.505518 -0.411538
24.800000 0.639921 3.435295 -0.407739
24.850000 0.806886 3.339307 -0.404356
24.900000 0.967800 3.218274 -0.401491
24.950000 1.121455 3.073104 -0.399229
25.000000 1.266699 2.904886 -0.397639
25.050000 1.402443 2.714881 -0.396767
25.100000 1.527669 2.504514 -0.396640
25.150000 1.641437 2.275364 -0.397262
25.200000 1.742895 2.029148 -0.398614
25.250000 1.831280 1.767714 -0.400656
25.300000 1.905932 1.493022 -0.403325
25.350000 1.966288 1.207132 -0.406544
25.400000 2.011898 0.912189 -0.410214
25.450000 2.042418 0.610404 -0.414227
25.500000 2.057620 0.304042 -0.418462
25.550000 2.057390 -0.004601 -0.422792
25.600000 2.041729 -0.313210 -0.427087
25.650000 2.010756 -0.619469 -0.431220
25.700000 1.964702 -0.921083 -0.435066
25.750000 1.903912 -1.215788 -0.438510
25.800000 1.828844 -1.501375 -0.441448
25.850000 1.740059 -1.775701 -0.443794
25.900000 1.638223 -2.036710 -0.445477
25.950000 1.524101 -2.282444 -0.446446
26.000000 1.398548 -2.511059 -0.446672
26.050000 1.262506 -2.720841 -0.446148
26.100000 1.116995 -2.910217 -0.444891
26.150000 0.963107 -3.077766 -0.442938
26.200000 0.801995 -3.222232 -0.440347
26.250000 0.634869 -3.342531 -0.437196
26.300000 0.462980 -3.437762 -0.433579
26.350000 0.287620 -3.507209 -0.429605
26.400000 0.110102 -3.550352 -0.425393
26.450000 -0.068241 -3.566867 -0.421068
26.500000 -0.246072 -3.556631 -0.416760
26.550000 -0.422058 -3.519720 -0.412599
26.600000 -0.594879 -3.456411 -0.408708
26.650000 -0.763238 -3.367179 -0.405205
26.700000 -0.925873 -3.252694 -0.402194
26.750000 -1.081563 -3.113813 -0.399765
26.800000 -1.229142 -2.951578 -0.397992
26.850000 -1.367503 -2.767207 -0.396926
26.900000 -1.495607 -2.562082 -0.396601
26.950000 -1.612494 -2.337741 -0.397026
27.000000 -1.717287 -2.095867 -0.398187
27.050000 -1.809201 -1.838274 -0.400051
27.100000 -1.887545 -1.566893 -0.402562
27.150000 -1.951733 -1.283762 -0.405644
27.200000 -2.001284 -0.991002 -0.409205
27.250000 -2.035824 -0.690809 -0.413138
27.300000 -2.055096 -0.385435 -0.417327
27.350000 -2.058954 -0.077171 -0.421644
27.400000 -2.047371 0.231672 -0.425961
27.450000 -2.020432 0.538778 -0.430149
27.500000 -1.978340 0.841842 -0.434083
27.550000 -1.921410 1.138593 -0.437643
27.600000 -1.850070 1.426805 -0.440725
27.650000 -1.764854 1.704315 -0.443235
27.700000 -1.666402 1.969043 -0.445099
27.750000 -1.555452 2.219004 -0.446261
27.800000 -1.432836 2.452321 -0.446685
27.850000 -1.299473 2.667247 -0.446359
27.900000 -1.156365 2.862168 -0.445293
27.950000 -1.004584 3.035623 -0.443520
28.000000 -0.845268 3.186310 -0.441091
28.050000 -0.679613 3.313100 -0.438079
28.100000 -0.508861 3.415042 -0.434576
28.150000 -0.334293 3.491371 -0.430685
28.200000 -0.157217 3.541515 -0.426524
28.250000 0.021038 3.565098 -0.422216
28.300000 0.199135 3.561942 -0.417891
28.350000 0.375739 3.532072 -0.413679
28.400000 0.549524 3.475711 -0.409705
28.450000 0.719189 3.393282 -0.406088
28.500000 0.883459 3.285404 -0.402937
28.550000 1.041103 3.152885 -0.400347
28.600000 1.190939 2.996720 -0.398394
28.650000 1.331843 2.818079 -0.397137
28.700000 1.462758 2.618303 -0.396614
28.750000 1.582702 2.398889 -0.396840
28.800000 1.690777 2.161483 -0.397810
28.850000 1.786170 1.907867 -0.399492
28.900000 1.868167 1.639941 -0.401839
28.950000 1.936153 1.359716 -0.404778
29.000000 1.989618 1.069293 -0.408222
29.050000 2.028160 0.770851 -0.412068
29.100000 2.051491 0.466627 -0.416200
29.150000 2.059437 0.158903 -0.420496
29.200000 2.051936 -0.150012 -0.424826
29.250000 2.029046 -0.457803 -0.429061
29.300000 1.990938 -0.762160 -0.433073
29.350000 1.937898 -1.060800 -0.436744
29.400000 1.870324 -1.351485 -0.439962
29.450000 1.788722 -1.632034 -0.442631
29.500000 1.693705 -1.900342 -0.444672
29.550000 1.585985 -2.154398 -0.446024
29.600000 1.466370 -2.392295 -0.446645
29.650000 1.335758 -2.612251 -0.446518
29.700000 1.195127 -2.812614 -0.445646
29.750000 1.045533 -2.991884 -0.444055
29.800000 0.888097 -3.148713 -0.441793
29.850000 0.724001 -3.281928 -0.438928
29.900000 0.554474 -3.390528 -0.435545
29.950000 0.380789 -3.473699 -0.431746
30.000000 0.204248 -3.530818 -0.427644
30.050000 0.026176 -3.561455 -0.423363
30.100000 -0.152093 -3.565381 -0.419030
30.150000 -0.329222 -3.542567 -0.414775
30.200000 -0.503881 -3.493184 -0.410726
30.250000 -0.674761 -3.417602 -0.407004
30.300000 -0.840580 -3.316388 -0.403720
30.350000 -1.000095 -3.190301 -0.400973
30.400000 -1.152110 -3.040286 -0.398845
30.450000 -1.295483 -2.867470 -0.397399
30.500000 -1.429141 -2.673147 -0.396680
30.550000 -1.552079 -2.458776 -0.396708
30.600000 -1.663378 -2.225964 -0.397482
30.650000 -1.762201 -1.976458 -0.398980
30.700000 -1.847807 -1.712128 -0.401157
30.750000 -1.919555 -1.434957 -0.403947
30.800000 -1.976906 -1.147023 -0.407267
30.850000 -2.019430 -0.850487 -0.411017
30.900000 -2.046809 -0.547573 -0.415086
30.950000 -2.058837 -0.240552 -0.419351
31.000000 -2.055423 0.068274 -0.423684
31.050000 -2.036593 0.376587 -0.427957
31.100000 -2.002490 0.682076 -0.432040
31.150000 -1.953367 0.982450 -0.435812
31.200000 -1.889594 1.275455 -0.439160
31.250000 -1.811650 1.558894 -0.441983
31.300000 -1.720118 1.830641 -0.444197
31.350000 -1.615685 2.088659 -0.445736
31.400000 -1.499134 2.331012 -0.446553
31.450000 -1.371340 2.555882 -0.446625
31.500000 -1.233261 2.761583 -0.445948
31.550000 -1.085932 2.946572 -0.444544
31.600000 -0.930459 3.109462 -0.442454
31.650000 -0.768008 3.249031 -0.439741
31.700000 -0.599796 3.364232 -0.436485
31.750000 -0.427086 3.454201 -0.432786
31.800000 -0.251173 3.518264 -0.428752
31.850000 -0.073376 3.555940 -0.424506
31.900000 0.104972 3.566946 -0.420174
31.950000 0.282532 3.551201 -0.415886
32.000000 0.457973 3.508821 -0.411771
32.050000 0.629979 3.440125 -0.407951
32.100000 0.797260 3.345628 -0.404541
32.150000 0.958562 3.226039 -0.401643
32.200000 1.112675 3.082255 -0.399344
32.250000 1.258443 2.915354 -0.397713
32.300000 1.394772 2.726587 -0.396798
32.350000 1.520641 2.517371 -0.396627
32.400000 1.635104 2.289275 -0.397205
32.450000 1.737305 2.044010 -0.398515
32.500000 1.826476 1.783414 -0.400518
32.550000 1.901948 1.509443 -0.403153
32.600000 1.963155 1.224150 -0.406342
32.650000 2.009639 0.929677 -0.409989
32.700000 2.041051 0.628231 -0.413985
32.750000 2.057154 0.322074 -0.418210
32.800000 2.057829 0.013500 -0.422538
32.850000 2.043071 -0.295174 -0.426839
32.900000 2.012989 -0.601635 -0.430985
32.950000 1.967810 -0.903583 -0.434851
33.000000 1.907872 -1.198754 -0.438321
33.050000 1.833625 -1.484935 -0.441292
33.100000 1.745626 -1.759979 -0.443675
33.150000 1.644535 -2.021823 -0.445397
33.200000 1.531110 -2.268503 -0.446409
33.250000 1.406202 -2.498170 -0.446679
33.300000 1.270747 -2.709100 -0.446199
33.350000 1.125761 -2.899712 -0.444984
33.400000 0.972332 -3.068576 -0.443071
33.450000 0.811611 -3.214426 -0.440515
33.500000 0.644803 -3.336168 -0.437394
33.550000 0.473158 -3.432888 -0.433802
33.600000 0.297965 -3.503862 -0.429846
33.650000 0.120537 -3.548556 -0.425644
33.700000 -0.057795 -3.566637 -0.421322
33.750000 -0.235693 -3.557968 -0.417010
33.800000 -0.411824 -3.522614 -0.412836
33.850000 -0.584866 -3.460840 -0.408926
33.900000 -0.753521 -3.373110 -0.405397
33.950000 -0.916525 -3.260082 -0.402355
34.000000 -1.072656 -3.122603 -0.399890
34.050000 -1.220741 -2.961705 -0.398076
34.100000 -1.359670 -2.778594 -0.396968
34.150000 -1.488403 -2.574643 -0.396599
34.200000 -1.605972 -2.351383 -0.396980
34.250000 -1.711496 -2.110487 -0.398099
34.300000 -1.804184 -1.853763 -0.399924
34.350000 -1.883341 -1.583135 -0.402398
34.400000 -1.948373 -1.300634 -0.405449
34.450000 -1.998792 -1.008378 -0.408985
34.500000 -2.034220 -0.708559 -0.412900
34.550000 -2.054391 -0.403426 -0.417076
34.600000 -2.059154 -0.095268 -0.421390
34.650000 -2.048474 0.213605 -0.425711
34.700000 -2.022430 0.520877 -0.429910
34.750000 -1.981218 0.824241 -0.433861
34.800000 -1.925147 1.121424 -0.437447
34.850000 -1.854637 1.410196 -0.440560
34.900000 -1.770218 1.688391 -0.443106
34.950000 -1.672521 1.953924 -0.445009
35.000000 -1.562281 2.204802 -0.446213
35.050000 -1.440324 2.439144 -0.446681
35.100000 -1.307564 2.655193 -0.446399
35.150000 -1.164998 2.851328 -0.445376
35.200000 -1.013694 3.026077 -0.443642
35.250000 -0.854788 3.178132 -0.441250
35.300000 -0.689470 3.306350 -0.438270
35.350000 -0.518982 3.409770 -0.434793
35.400000 -0.344601 3.487617 -0.430922
35.450000 -0.167635 3.539308 -0.426773
35.500000 0.010587 3.564453 -0.422470
35.550000 0.188731 3.562865 -0.418143
35.600000 0.365458 3.534555 -0.413920
35.650000 0.539445 3.479736 -0.409929
35.700000 0.709386 3.398820 -0.406288
35.750000 0.874007 3.292412 -0.403107
35.800000 1.032072 3.161311 -0.400482
35.850000 1.182397 3.006500 -0.398489
35.900000 1.323854 2.829140 -0.397191
35.950000 1.455382 2.630562 -0.396624
36.000000 1.575995 2.412255 -0.396807
36.050000 1.684788 2.175856 -0.397733
36.100000 1.780945 1.923137 -0.399375
36.150000 1.863745 1.655996 -0.401684
36.200000 1.932566 1.376434 -0.404591
36.250000 1.986894 1.086549 -0.408008
36.300000 2.026319 0.788515 -0.411833
36.350000 2.050548 0.484567 -0.415953
36.400000 2.059397 0.176985 -0.420242
36.450000 2.052801 -0.131925 -0.424574
36.500000 2.030809 -0.439845 -0.428818
36.550000 1.993585 -0.744466 -0.432847
36.600000 1.941410 -1.043504 -0.436540
36.650000 1.874674 -1.334715 -0.439787
36.700000 1.793879 -1.615916 -0.442492
36.750000 1.699629 -1.884998 -0.444571
36.800000 1.592631 -2.139943 -0.445965
36.850000 1.473690 -2.378837 -0.446630
36.900000 1.343695 -2.599891 -0.446546
36.950000 1.203623 -2.801445 -0.445717
37.000000 1.054523 -2.981988 -0.444168
37.050000 0.897515 -3.140167 -0.441943
37.100000 0.733775 -3.274794 -0.439111
37.150000 0.564532 -3.384860 -0.435756
37.200000 0.391055 -3.469540 -0.431978
37.250000 0.214645 -3.528199 -0.427891
37.300000 0.036626 -3.560395 -0.423616
37.350000 -0.141669 -3.565889 -0.419283
37.400000 -0.318901 -3.544639 -0.415020
37.450000 -0.493741 -3.496804 -0.410956
37.500000 -0.664878 -3.422743 -0.407211
37.550000 -0.831029 -3.323011 -0.403899
37.600000 -0.990946 -3.198357 -0.401118
37.650000 -1.143432 -3.049715 -0.398951
37.700000 -1.287342 -2.878200 -0.397464
37.750000 -1.421597 -2.685098 -0.396701
37.800000 -1.545190 -2.471859 -0.396685
37.850000 -1.657194 -2.240080 -0.397416
37.900000 -1.756769 -1.991501 -0.398873
37.950000 -1.843168 -1.727986 -0.401012
38.000000 -1.915744 -1.451511 -0.403768
38.050000 -1.973951 -1.164149 -0.407059
38.100000 -2.017354 -0.868056 -0.410787
38.150000 -2.045627 -0.565453 -0.414841
38.200000 -2.058557 -0.258609 -0.419098
38.250000 -2.056049 0.050174 -0.423431
38.300000 -2.038120 0.358582 -0.427710
38.350000 -2.004905 0.664300 -0.431808
38.400000 -1.956653 0.965035 -0.435602
38.450000 -1.893726 1.258533 -0.438977
38.500000 -1.816597 1.542592 -0.441834
38.550000 -1.725842 1.815082 -0.444086
38.600000 -1.622145 2.073958 -0.445665
38.650000 -1.506281 2.317280 -0.446526
38.700000 -1.379119 2.543222 -0.446641
38.750000 -1.241615 2.750090 -0.446008
38.800000 -1.094798 2.936332 -0.444646
38.850000 -0.939771 3.100552 -0.442594
38.900000 -0.777695 3.241517 -0.439915
38.950000 -0.609786 3.358172 -0.436689
39.000000 -0.437304 3.449640 -0.433013
39.050000 -0.261543 3.515235 -0.428996
39.100000 -0.083819 3.554467 -0.424759
39.150000 0.094533 3.567040 -0.420428
39.200000 0.272176 3.552860 -0.416134
39.250000 0.447777 3.512033 -0.412005
39.300000 0.620021 3.444867 -0.408164
39.350000 0.787614 3.351864 -0.404727
39.400000 0.949300 3.233721 -0.401797
39.450000 1.103866 3.091326 -0.399461
39.500000 1.250154 2.925747 -0.397789
39.550000 1.387065 2.738224 -0.396831
39.600000 1.513573 2.530164 -0.396616
39.650000 1.628729 2.303128 -0.397151
39.700000 1.731670 2.058818 -0.398419
39.750000 1.821624 1.799068 -0.400383
39.800000 1.897915 1.525824 -0.402983
39.850000 1.959972 1.241137 -0.406141
39.900000 2.007329 0.947141 -0.409764
39.950000 2.039631 0.646042 -0.413743
40.000000 2.056636 0.340097 -0.417958
40.050000 2.058216 0.031602 -0.422284
40.100000 2.044359 -0.277130 -0.426590
40.150000 2.015170 -0.583784 -0.430748
40.200000 1.970867 -0.886060 -0.434634
40.250000 1.911783 -1.181690 -0.438130
40.300000 1.838360 -1.468457 -0.441133
40.350000 1.751149 -1.744211 -0.443553
40.400000 1.650805 -2.006884 -0.445316
40.450000 1.538080 -2.254504 -0.446370
40.500000 1.413819 -2.485216 -0.446684
40.550000 1.278955 -2.697289 -0.446248
40.600000 1.134498 -2.889132 -0.445075
40.650000 0.981533 -3.059307 -0.443201
40.700000 0.821206 -3.206537 -0.440681
40.750000 0.654720 -3.329718 -0.437591
40.800000 0.483324 -3.427926 -0.434024
40.850000 0.308302 -3.500424 -0.430085
40.900000 0.130969 -3.546670 -0.425894
40.950000 -0.047347 -3.566315 -0.421576
41.000000 -0.225308 -3.559213 -0.417260
41.050000 -0.401578 -3.525417 -0.413075
41.100000 -0.574837 -3.465180 -0.409146
41.150000 -0.743785 -3.378955 -0.405592
41.200000 -0.907154 -3.267387 -0.402518
41.250000 -1.063720 -3.131314 -0.400017
41.300000 -1.212308 -2.971756 -0.398164
41.350000 -1.351803 -2.789909 -0.397013
41.400000 -1.481160 -2.587139 -0.396600
41.450000 -1.599409 -2.364965 -0.396937
41.500000 -1.705661 -2.125054 -0.398014
41.550000 -1.799121 -1.869204 -0.399798
41.600000 -1.879088 -1.599336 -0.402237
41.650000 -1.944962 -1.317473 -0.405256
41.700000 -1.996248 -1.025729 -0.408766
41.750000 -2.032563 -0.726291 -0.412662
41.800000 -2.053633 -0.421407 -0.416827
41.850000 -2.059301 -0.113362 -0.421136
41.900000 -2.049525 0.195533 -0.425460
41.950000 -2.024377 0.502962 -0.429669
42.000000 -1.984046 0.806618 -0.433639
42.050000 -1.928834 1.104225 -0.437249
42.100000 -1.859157 1.393550 -0.440392
42.150000 -1.775536 1.672424 -0.442974
42.200000 -1.678598 1.938754 -0.444916
42.250000 -1.569071 2.190544 -0.446162
42.300000 -1.447776 2.425905 -0.446674
42.350000 -1.315622 2.643071 -0.446436
42.400000 -1.173601 2.840414 -0.445456
42.450000 -1.022779 3.016454 -0.443762
42.500000 -0.864285 3.169871 -0.441407
42.550000 -0.699309 3.299514 -0.438459
42.600000 -0.529089 3.404410 -0.435008
42.650000 -0.354900 3.483774 -0.431157
42.700000 -0.178050 3.537009 -0.427021
42.750000 0.000136 3.563716 -0.422724
42.800000 0.178321 3.563696 -0.418394
42.850000 0.355168 3.536948 -0.414162
42.900000 0.529352 3.483672 -0.410154
42.950000 0.699565 3.404270 -0.406490
43.000000 0.864532 3.299335 -0.403279
43.050000 1.023015 3.169655 -0.400619
43.100000 1.173825 3.016203 -0.398588
43.150000 1.315831 2.840129 -0.397247
43.200000 1.447969 2.642754 -0.396637
43.250000 1.569247 2.425559 -0.396775
43.300000 1.678756 2.190172 -0.397658
43.350000 1.775674 1.938358 -0.399260
43.400000 1.859274 1.672007 -0.401531
43.450000 1.928930 1.393116 -0.404405
43.500000 1.984119 1.103777 -0.407795
43.550000 2.024427 0.806159 -0.411600
43.600000 2.049551 0.502495 -0.415705
43.650000 2.059304 0.195062 -0.419988
43.700000 2.053613 -0.113833 -0.424321
43.750000 2.032519 -0.421875 -0.428574
43.800000 1.996181 -0.726753 -0.432619
43.850000 1.944872 -1.026180 -0.436335
43.900000 1.878977 -1.317911 -0.439611
43.950000 1.798989 -1.599758 -0.442350
44.000000 1.705509 -1.869606 -0.444468
44.050000 1.599237 -2.125432 -0.445903
44.100000 1.480971 -2.365318 -0.446611
44.150000 1.351598 -2.587464 -0.446572
44.200000 1.212088 -2.790203 -0.445786
44.250000 1.063487 -2.972016 -0.444278
44.300000 0.906910 -3.131539 -0.442091
44.350000 0.743531 -3.267576 -0.439292
44.400000 0.574576 -3.379106 -0.435965
44.450000 0.401311 -3.465292 -0.432209
44.500000 0.225037 -3.525489 -0.428137
44.550000 0.047075 -3.559244 -0.423870
44.600000 -0.131241 -3.566305 -0.419536
44.650000 -0.308572 -3.546619 -0.415266
44.700000 -0.483588 -3.500334 -0.411186
44.750000 -0.654978 -3.427795 -0.407420
44.800000 -0.821456 -3.329549 -0.404079
44.850000 -0.981772 -3.206330 -0.401264
44.900000 -1.134725 -3.059064 -0.399060
44.950000 -1.279168 -2.888856 -0.397532
45.000000 -1.414017 -2.696980 -0.396726
45.050000 -1.538261 -2.484878 -0.396666
45.100000 -1.650968 -2.254139 -0.397353
45.150000 -1.751293 -2.006494 -0.398768
45.200000 -1.838483 -1.743800 -0.400869
45.250000 -1.911884 -1.468027 -0.403591
45.300000 -1.970946 -1.181245 -0.406853
45.350000 -2.015226 -0.885603 -0.410559
45.400000 -2.044392 -0.583319 -0.414596
45.450000 -2.058225 -0.276660 -0.418845
45.500000 -2.056622 0.032074 -0.423177
45.550000 -2.039593 0.340567 -0.427463
45.600000 -2.007268 0.646506 -0.431575
45.650000 -1.959888 0.947596 -0.435390
45.700000 -1.897809 1.241579 -0.438793
45.750000 -1.821497 1.526251 -0.441682
45.800000 -1.731523 1.799475 -0.443972
45.850000 -1.628563 2.059204 -0.445592
45.900000 -1.513388 2.303488 -0.446496
45.950000 -1.386863 2.530496 -0.446655
46.000000 -1.249937 2.738526 -0.446066
46.050000 -1.103636 2.926016 -0.444745
46.100000 -0.949058 3.091562 -0.442732
46.150000 -0.787362 3.233921 -0.440088
46.200000 -0.619761 3.352025 -0.436892
46.250000 -0.447512 3.444989 -0.433239
46.300000 -0.271906 3.512116 -0.429238
46.350000 -0.094261 3.552902 -0.425011
46.400000 0.084091 3.567041 -0.420682
46.450000 0.261813 3.554427 -0.416382
46.500000 0.437570 3.515155 -0.412240
46.550000 0.610046 3.449520 -0.408379
46.600000 0.777947 3.358013 -0.404916
46.650000 0.940013 3.241320 -0.401953
46.700000 1.095029 3.100319 -0.399580
46.750000 1.241832 2.936064 -0.397868
46.800000 1.379322 2.749789 -0.396867
46.850000 1.506466 2.542891 -0.396608
46.900000 1.622312 2.316921 -0.397099
46.950000 1.725991 2.073574 -0.398325
47.000000 1.816725 1.814676 -0.400249
47.050000 1.893833 1.542167 -0.402814
47.100000 1.956738 1.258092 -0.405943
47.150000 2.004967 0.964581 -0.409541
47.200000 2.038159 0.663836 -0.413502
47.250000 2.056064 0.358112 -0.417707
47.300000 2.058549 0.049703 -0.422030
47.350000 2.045595 -0.259080 -0.426341
47.400000 2.017299 -0.565919 -0.430511
47.450000 1.973874 -0.868514 -0.434416
47.500000 1.915644 -1.164595 -0.437938
47.550000 1.843047 -1.451942 -0.440973
47.600000 1.756627 -1.728399 -0.443428
47.650000 1.657032 -1.991893 -0.445232
47.700000 1.545010 -2.240447 -0.446329
47.750000 1.421400 -2.472199 -0.446686
47.800000 1.287130 -2.685409 -0.446294
47.850000 1.143206 -2.878478 -0.445164
47.900000 0.990708 -3.049959 -0.443329
47.950000 0.830779 -3.198565 -0.440845
48.000000 0.664620 -3.323182 -0.437786
48.050000 0.493477 -3.422875 -0.434244
48.100000 0.318632 -3.496897 -0.430324
48.150000 0.141397 -3.544692 -0.426145
48.200000 -0.036898 -3.565901 -0.421830
48.250000 -0.214916 -3.560367 -0.417510
48.300000 -0.391323 -3.528129 -0.413314
48.350000 -0.564794 -3.469431 -0.409367
48.400000 -0.734030 -3.384712 -0.405788
48.450000 -0.897760 -3.274607 -0.402683
48.500000 -1.054757 -3.139943 -0.400146
48.550000 -1.203844 -2.981729 -0.398253
48.600000 -1.343901 -2.801153 -0.397060
48.650000 -1.473880 -2.599568 -0.396604
48.700000 -1.592804 -2.378486 -0.396897
48.750000 -1.699782 -2.139565 -0.397931
48.800000 -1.794012 -1.884598 -0.399675
48.850000 -1.874787 -1.615496 -0.402077
48.900000 -1.941501 -1.334278 -0.405065
48.950000 -1.993654 -1.043053 -0.408549
49.000000 -2.030854 -0.744005 -0.412425
49.050000 -2.052823 -0.439377 -0.416578
49.100000 -2.059395 -0.131453 -0.420881
49.150000 -2.050523 0.177456 -0.425208
49.200000 -2.026271 0.485034 -0.429428
49.250000 -1.986822 0.788975 -0.433415
49.300000 -1.932472 1.086998 -0.437050
49.350000 -1.863629 1.376869 -0.440223
49.400000 -1.780808 1.656413 -0.442839
49.450000 -1.684631 1.923535 -0.444821
49.500000 -1.575820 2.176229 -0.446109
49.550000 -1.455190 2.412602 -0.446665
49.600000 -1.323646 2.630881 -0.446471
49.650000 -1.182174 2.829428 -0.445533
49.700000 -1.031837 3.006754 -0.443881
49.750000 -0.873760 3.161529 -0.441562
49.800000 -0.709130 3.292593 -0.438647
49.850000 -0.539182 3.398963 -0.435223
49.900000 -0.365190 3.479840 -0.431392
49.950000 -0.188459 3.534619 -0.427269
50.000000 -0.010315 3.562888 -0.422978
50.050000 0.167907 3.564435 -0.418647
50.100000 0.344869 3.539249 -0.414405
50.150000 0.519245 3.487518 -0.410380
50.200000 0.689727 3.409632 -0.406693
50.250000 0.855035 3.306173 -0.403453
50.300000 1.013931 3.177917 -0.400758
50.350000 1.165223 3.025828 -0.398688
50.400000 1.307775 2.851044 -0.397306
50.450000 1.440519 2.654878 -0.396652
50.500000 1.562459 2.438800 -0.396746
50.550000 1.672680 2.204431 -0.397587
50.600000 1.770357 1.953529 -0.399147
50.650000 1.854756 1.687976 -0.401381
50.700000 1.925244 1.409763 -0.404222
50.750000 1.981293 1.120976 -0.407584
50.800000 2.022482 0.823782 -0.411368
50.850000 2.048502 0.520410 -0.415459
50.900000 2.059159 0.213135 -0.419735
50.950000 2.054372 -0.095739 -0.424068
51.000000 2.034177 -0.403895 -0.428329
51.050000 1.998726 -0.709022 -0.432390
51.100000 1.948285 -1.008831 -0.436128
51.150000 1.883231 -1.301073 -0.439433
51.200000 1.804053 -1.583558 -0.442206
51.250000 1.711345 -1.854166 -0.444362
51.300000 1.605801 -2.110867 -0.445838
51.350000 1.488214 -2.351738 -0.446590
51.400000 1.359466 -2.574970 -0.446595
51.450000 1.220521 -2.778890 -0.445852
51.500000 1.072423 -2.961968 -0.444385
51.550000 0.916281 -3.122831 -0.442237
51.600000 0.753268 -3.260274 -0.439472
51.650000 0.584605 -3.373264 -0.436173
51.700000 0.411557 -3.460954 -0.432439
51.750000 0.235422 -3.522688 -0.428382
51.800000 0.057522 -3.558001 -0.424123
51.850000 -0.120809 -3.566630 -0.419789
51.900000 -0.298235 -3.548508 -0.415512
51.950000 -0.473423 -3.503773 -0.411417
52.000000 -0.645061 -3.432760 -0.407630
52.050000 -0.811861 -3.336001 -0.404261
52.100000 -0.972572 -3.214221 -0.401413
52.150000 -1.125989 -3.068336 -0.399171
52.200000 -1.270961 -2.899437 -0.397602
52.250000 -1.406401 -2.708793 -0.396752
52.300000 -1.531292 -2.497833 -0.396648
52.350000 -1.644699 -2.268139 -0.397293
52.400000 -1.745771 -2.021434 -0.398666
52.450000 -1.833749 -1.759569 -0.400728
52.500000 -1.907975 -1.484506 -0.403415
52.550000 -1.967890 -1.198310 -0.406649
52.600000 -2.013046 -0.903127 -0.410332
52.650000 -2.043105 -0.601170 -0.414353
52.700000 -2.057840 -0.294704 -0.418592
52.750000 -2.057141 0.013972 -0.422923
52.800000 -2.041014 0.322543 -0.427216
52.850000 -2.009580 0.628696 -0.431341
52.900000 -1.963073 0.930132 -0.435177
52.950000 -1.901843 1.224593 -0.438607
53.000000 -1.826350 1.509870 -0.441529
53.050000 -1.737159 1.783822 -0.443855
53.100000 -1.634939 2.044396 -0.445517
53.150000 -1.520457 2.289637 -0.446463
53.200000 -1.394572 2.517706 -0.446667
53.250000 -1.258227 2.726891 -0.446121
53.300000 -1.112446 2.915625 -0.444842
53.350000 -0.958321 3.082492 -0.442868
53.400000 -0.797009 3.226240 -0.440259
53.450000 -0.629720 3.345792 -0.437093
53.500000 -0.457707 3.440250 -0.433463
53.550000 -0.282262 3.508906 -0.429480
53.600000 -0.104700 3.551245 -0.425262
53.650000 0.073648 3.566950 -0.420936
53.700000 0.251443 3.555903 -0.416631
53.750000 0.427352 3.518186 -0.412476
53.800000 0.600057 3.454084 -0.408596
53.850000 0.768260 3.364075 -0.405106
53.900000 0.930702 3.248836 -0.402111
53.950000 1.086164 3.109231 -0.399701
54.000000 1.233479 2.946306 -0.397949
54.050000 1.371543 2.761284 -0.396905
54.100000 1.499321 2.555553 -0.396603
54.150000 1.615854 2.330655 -0.397050
54.200000 1.720267 2.088277 -0.398234
54.250000 1.811779 1.830237 -0.400118
54.300000 1.889703 1.558470 -0.402647
54.350000 1.953453 1.275014 -0.405745
54.400000 2.002553 0.981996 -0.409319
54.450000 2.036634 0.681613 -0.413262
54.500000 2.055440 0.376118 -0.417456
54.550000 2.058830 0.067802 -0.421775
54.600000 2.046779 -0.241022 -0.426091
54.650000 2.019377 -0.548039 -0.430273
54.700000 1.976830 -0.850946 -0.434197
54.750000 1.919456 -1.147470 -0.437744
54.800000 1.847687 -1.435388 -0.440810
54.850000 1.762060 -1.712541 -0.443302
54.900000 1.663217 -1.976850 -0.445145
54.950000 1.551900 -2.226333 -0.446284
55.000000 1.428945 -2.459118 -0.446686
55.050000 1.295272 -2.673460 -0.446338
55.100000 1.151884 -2.867750 -0.445250
55.150000 0.999857 -3.040533 -0.443455
55.200000 0.840332 -3.190512 -0.441007
55.250000 0.674504 -3.316561 -0.437980
55.300000 0.503617 -3.417737 -0.434463
55.350000 0.328953 -3.493279 -0.430562
55.400000 0.151822 -3.542622 -0.426394
55.450000 -0.026448 -3.565396 -0.422084
55.500000 -0.204519 -3.561428 -0.417761
55.550000 -0.381057 -3.530751 -0.413554
55.600000 -0.554737 -3.473592 -0.409589
55.650000 -0.724256 -3.390382 -0.405985
55.700000 -0.888343 -3.281743 -0.402850
55.750000 -1.045767 -3.148492 -0.400278
55.800000 -1.195349 -2.991627 -0.398345
55.850000 -1.335965 -2.812324 -0.397110
55.900000 -1.466561 -2.611930 -0.396610
55.950000 -1.586159 -2.391945 -0.396859
56.000000 -1.693860 -2.154022 -0.397850
56.050000 -1.788857 -1.899943 -0.399554
56.100000 -1.870438 -1.631614 -0.401919
56.150000 -1.937990 -1.351048 -0.404875
56.200000 -1.991008 -1.060350 -0.408333
56.250000 -2.029092 -0.761699 -0.412189
56.300000 -2.051959 -0.457335 -0.416329
56.350000 -2.059436 -0.149541 -0.420627
56.400000 -2.051468 0.159374 -0.424956
56.450000 -2.028113 0.467094 -0.429186
56.500000 -1.989547 0.771311 -0.433190
56.550000 -1.936060 1.069743 -0.436848
56.600000 -1.868052 1.360152 -0.440051
56.650000 -1.786034 1.640360 -0.442703
56.700000 -1.690621 1.908266 -0.444724
56.750000 -1.582528 2.161859 -0.446054
56.800000 -1.462566 2.399238 -0.446653
56.850000 -1.331635 2.618623 -0.446503
56.900000 -1.190717 2.818368 -0.445608
56.950000 -1.040868 2.996976 -0.443996
57.000000 -0.883213 3.153106 -0.441715
57.050000 -0.718933 3.285588 -0.438833
57.100000 -0.549262 3.393428 -0.435436
57.150000 -0.375471 3.475817 -0.431625
57.200000 -0.198864 3.532138 -0.427516
57.250000 -0.020766 3.561967 -0.423232
57.300000 0.157488 3.565082 -0.418899
57.350000 0.334561 3.541459 -0.414649
57.400000 0.509125 3.491275 -0.410608
57.450000 0.679870 3.414906 -0.406898
57.500000 0.845517 3.312925 -0.403629
57.550000 1.004821 3.186098 -0.400899
57.600000 1.156590 3.035375 -0.398791
57.650000 1.299685 2.861886 -0.397367
57.700000 1.433031 2.666934 -0.396670
57.750000 1.555630 2.451979 -0.396720
57.800000 1.666562 2.218634 -0.397517
57.850000 1.764994 1.968650 -0.399036
57.900000 1.850189 1.703901 -0.401233
57.950000 1.921508 1.426373 -0.404040
58.000000 1.978415 1.138146 -0.407375
58.050000 2.020485 0.841384 -0.411136
58.100000 2.047400 0.538311 -0.415213
58.150000 2.058960 0.231201 -0.419482
58.200000 2.055078 -0.077643 -0.423815
58.250000 2.035783 -0.385904 -0.428084
58.300000 2.001219 -0.691272 -0.432159
58.350000 1.951646 -0.991455 -0.435920
58.400000 1.887436 -1.284202 -0.439254
58.450000 1.809071 -1.567317 -0.442059
58.500000 1.717137 -1.838678 -0.444254
58.550000 1.612324 -2.096248 -0.445772
58.600000 1.495419 -2.338097 -0.446567
58.650000 1.367299 -2.562410 -0.446615
58.700000 1.228924 -2.767505 -0.445916
58.750000 1.081332 -2.951843 -0.444490
58.800000 0.925629 -3.114043 -0.442380
58.850000 0.762985 -3.252887 -0.439649
58.900000 0.594618 -3.367335 -0.436379
58.950000 0.421792 -3.456528 -0.432668
59.000000 0.245802 -3.519797 -0.428626
59.050000 0.067969 -3.556667 -0.424376
59.100000 -0.110374 -3.566862 -0.420043
59.150000 -0.287890 -3.550306 -0.415758
59.200000 -0.463246 -3.507123 -0.411650
59.250000 -0.635128 -3.437636 -0.407841
59.300000 -0.802246 -3.342367 -0.404445
59.350000 -0.963347 -3.222030 -0.401564
59.400000 -1.117224 -3.077528 -0.399284
59.450000 -1.262721 -2.909944 -0.397674
59.500000 -1.398748 -2.720536 -0.396782
59.550000 -1.524284 -2.510724 -0.396634
59.600000 -1.638388 -2.282081 -0.397235
59.650000 -1.740204 -2.036323 -0.398566
59.700000 -1.828969 -1.775292 -0.400589
59.750000 -1.904016 -1.500947 -0.403242
59.800000 -1.964783 -1.215344 -0.406446
59.850000 -2.010815 -0.920627 -0.410105
59.900000 -2.041765 -0.619005 -0.414110
59.950000 -2.057402 -0.312740 -0.418340
60.000000 -2.057608 -0.004130 -0.422669
60.050000 -2.042383 0.304512 -0.426968
60.100000 -2.011839 0.610869 -0.431107
60.150000 -1.966207 0.912645 -0.434962
60.200000 -1.905828 1.207576 -0.438419
60.250000 -1.831156 1.493450 -0.441373
60.300000 -1.742750 1.768124 -0.443737
60.350000 -1.641273 2.029536 -0.445439
60.400000 -1.527487 2.275727 -0.446428
60.450000 -1.402244 2.504850 -0.446676
60.500000 -1.266485 2.715187 -0.446173
60.550000 -1.121227 2.905159 -0.444936
60.600000 -0.967560 3.073343 -0.443002
60.650000 -0.806636 3.218477 -0.440428
60.700000 -0.639662 3.339473 -0.437292
60.750000 -0.467891 3.435422 -0.433687
60.800000 -0.292611 3.505606 -0.429721
60.850000 -0.115136 3.549497 -0.425514
60.900000 0.063203 3.566768 -0.421190
60.950000 0.241067 3.557287 -0.416880
61.000000 0.417123 3.521127 -0.412713
61.050000 0.590051 3.458559 -0.408813
61.100000 0.758554 3.370051 -0.405298
61.150000 0.921367 3.256268 -0.402271
61.200000 1.077270 3.118063 -0.399825
61.250000 1.225094 2.956472 -0.398032
61.300000 1.363729 2.772708 -0.396946
61.350000 1.492137 2.568149 -0.396600
61.400000 1.609353 2.344328 -0.397003
61.450000 1.714499 2.102925 -0.398145
61.500000 1.806787 1.845750 -0.399989
61.550000 1.885524 1.574732 -0.402483
61.600000 1.950119 1.291904 -0.405550
61.650000 2.000088 0.999386 -0.409099
61.700000 2.035057 0.699373 -0.413023
61.750000 2.054762 0.394114 -0.417206
61.800000 2.059057 0.085900 -0.421521
61.850000 2.047909 -0.222959 -0.425840
61.900000 2.021402 -0.530145 -0.430034
61.950000 1.979734 -0.833355 -0.433976
62.000000 1.923219 -1.130316 -0.437549
62.050000 1.852279 -1.418798 -0.440646
62.100000 1.767447 -1.696640 -0.443173
62.150000 1.669359 -1.961757 -0.445056
62.200000 1.558751 -2.212161 -0.446238
62.250000 1.436452 -2.445974 -0.446683
62.300000 1.303380 -2.661441 -0.446379
62.350000 1.160533 -2.856948 -0.445334
62.400000 1.008981 -3.031028 -0.443579
62.450000 0.849862 -3.182376 -0.441168
62.500000 0.684370 -3.309855 -0.438172
62.550000 0.513744 -3.412510 -0.434681
62.600000 0.339266 -3.489572 -0.430799
62.650000 0.162243 -3.540462 -0.426644
62.700000 -0.015997 -3.564798 -0.422338
62.750000 -0.194117 -3.562399 -0.418012
62.800000 -0.370781 -3.533281 -0.413795
62.850000 -0.544665 -3.477664 -0.409813
62.900000 -0.714463 -3.395964 -0.406184
62.950000 -0.878903 -3.288795 -0.403019
63.000000 -1.036750 -3.156959 -0.400412
63.050000 -1.186823 -3.001447 -0.398440
63.100000 -1.327994 -2.823423 -0.397163
63.150000 -1.459205 -2.624224 -0.396619
63.200000 -1.579472 -2.405343 -0.396824
63.250000 -1.687893 -2.168423 -0.397772
63.300000 -1.783655 -1.915239 -0.399436
63.350000 -1.866040 -1.647690 -0.401764
63.400000 -1.934429 -1.367784 -0.404687
63.450000 -1.988310 -1.077620 -0.408118
63.500000 -2.027279 -0.779373 -0.411954
63.550000 -2.051043 -0.475282 -0.416081
63.600000 -2.059424 -0.167625 -0.420374
63.650000 -2.052360 0.141288 -0.424704
63.700000 -2.029903 0.449142 -0.428944
63.750000 -1.992221 0.753628 -0.432964
63.800000 -1.939598 1.052461 -0.436646
63.850000 -1.872428 1.343401 -0.439878
63.900000 -1.791215 1.624265 -0.442564
63.950000 -1.696568 1.892947 -0.444624
64.000000 -1.589196 2.147432 -0.445996
64.050000 -1.469905 2.385812 -0.446638
64.100000 -1.339590 2.606297 -0.446532
64.150000 -1.199229 2.807236 -0.445681
64.200000 -1.049873 2.987120 -0.444110
64.250000 -0.892643 3.144601 -0.441866
64.300000 -0.728718 3.278498 -0.439017
64.350000 -0.559327 3.387805 -0.435647
64.400000 -0.385742 3.471704 -0.431858
64.450000 -0.209264 3.529566 -0.427763
64.500000 -0.031216 3.560955 -0.423485
64.550000 0.147066 3.565638 -0.419152
64.600000 0.324245 3.543578 -0.414893
64.650000 0.498992 3.494941 -0.410837
64.700000 0.669996 3.420092 -0.407104
64.750000 0.835976 3.319593 -0.403806
64.800000 0.995686 3.194197 -0.401043
64.850000 1.147928 3.044844 -0.398896
64.900000 1.291561 2.872655 -0.397430
64.950000 1.425507 2.678920 -0.396690
65.000000 1.548761 2.465094 -0.396697
65.050000 1.660400 2.232780 -0.397450
65.100000 1.759586 1.983720 -0.398928
65.150000 1.845576 1.719782 -0.401086
65.200000 1.917723 1.442946 -0.403860
65.250000 1.975487 1.155287 -0.407166
65.300000 2.018435 0.858964 -0.410906
65.350000 2.046245 0.556199 -0.414967
65.400000 2.058709 0.249262 -0.419228
65.450000 2.055731 -0.059544 -0.423562
65.500000 2.037336 -0.367904 -0.427838
65.550000 2.003661 -0.673504 -0.431928
65.600000 1.954958 -0.974053 -0.435711
65.650000 1.891593 -1.267297 -0.439072
65.700000 1.814042 -1.551036 -0.441911
65.750000 1.722884 -1.823142 -0.444144
65.800000 1.618806 -2.081575 -0.445702
65.850000 1.502586 -2.324396 -0.446540
65.900000 1.375097 -2.549784 -0.446633
65.950000 1.237294 -2.756048 -0.445978
66.000000 1.090212 -2.941642 -0.444593
66.050000 0.934953 -3.105174 -0.442522
66.100000 0.772683 -3.245417 -0.439825
66.150000 0.604617 -3.361320 -0.436584
66.200000 0.432016 -3.452012 -0.432895
66.250000 0.256175 -3.516815 -0.428870
66.300000 0.078413 -3.555241 -0.424628
66.350000 -0.099937 -3.567003 -0.420297
66.400000 -0.277537 -3.552012 -0.416006
66.450000 -0.453057 -3.510382 -0.411884
66.500000 -0.625178 -3.442423 -0.408054
66.550000 -0.792610 -3.348647 -0.404631
66.600000 -0.954098 -3.229755 -0.401717
66.650000 -1.108430 -3.086640 -0.399400
66.700000 -1.254449 -2.920376 -0.397749
66.750000 -1.391059 -2.732209 -0.396814
66.800000 -1.517237 -2.523550 -0.396622
66.850000 -1.632035 -2.295964 -0.397179
66.900000 -1.734593 -2.051159 -0.398469
66.950000 -1.824141 -1.790970 -0.400452
67.000000 -1.900009 -1.517349 -0.403071
67.050000 -1.961626 -1.232348 -0.406245
67.100000 -2.008531 -0.938104 -0.409880
67.150000 -2.040372 -0.636824 -0.413868
67.200000 -2.056911 -0.330768 -0.418088
67.250000 -2.058022 -0.022232 -0.422415
67.300000 -2.043699 0.286472 -0.426719
67.350000 -2.014047 0.593027 -0.430871
67.400000 -1.969291 0.895134 -0.434746
67.450000 -1.909764 1.190527 -0.438229
67.500000 -1.835915 1.476992 -0.441216
67.550000 -1.748296 1.752379 -0.443616
67.600000 -1.647565 2.014624 -0.445358
67.650000 -1.534477 2.261758 -0.446391
67.700000 -1.409880 2.491930 -0.446682
67.750000 -1.274710 2.703412 -0.446223
67.800000 -1.129979 2.894618 -0.445029
67.850000 -0.976773 3.064115 -0.443134
67.900000 -0.816241 3.210631 -0.440595
67.950000 -0.649588 3.333067 -0.437489
68.000000 -0.478063 3.430506 -0.433909
68.050000 -0.302952 3.502215 -0.429961
68.100000 -0.125569 3.547658 -0.425765
68.150000 0.052755 3.566493 -0.421444
68.200000 0.230684 3.558580 -0.417130
68.250000 0.406883 3.523977 -0.412951
68.300000 0.580031 3.462945 -0.409032
68.350000 0.748828 3.375940 -0.405491
68.400000 0.912008 3.263616 -0.402433
68.450000 1.068349 3.126815 -0.399951
68.500000 1.216677 2.966562 -0.398118
68.550000 1.355880 2.784061 -0.396990
68.600000 1.484914 2.580679 -0.396599
68.650000 1.602811 2.357942 -0.396959
68.700000 1.708687 2.117520 -0.398058
68.750000 1.801748 1.861217 -0.399863
68.800000 1.881296 1.590955 -0.402320
68.850000 1.946734 1.308760 -0.405356
68.900000 1.997571 1.016750 -0.408879
68.950000 2.033427 0.717114 -0.412785
69.000000 2.054032 0.412100 -0.416956
69.050000 2.059232 0.103996 -0.421267
69.100000 2.048987 -0.204889 -0.425590
69.150000 2.023376 -0.512237 -0.429794
69.200000 1.982588 -0.815744 -0.433754
69.250000 1.926932 -1.113132 -0.437352
69.300000 1.856823 -1.402172 -0.440479
69.350000 1.772788 -1.680695 -0.443042
69.400000 1.675458 -1.946613 -0.444965
69.450000 1.565561 -2.197932 -0.446189
69.500000 1.443923 -2.432766 -0.446678
69.550000 1.311455 -2.649355 -0.446417
69.600000 1.169151 -2.846073 -0.445415
69.650000 1.018079 -3.021446 -0.443700
69.700000 0.859371 -3.174158 -0.441326
69.750000 0.694218 -3.303063 -0.438362
69.800000 0.523858 -3.407196 -0.434897
69.850000 0.349570 -3.485775 -0.431035
69.900000 0.172659 -3.538210 -0.426893
69.950000 -0.005546 -3.564109 -0.422592
70.000000 -0.183710 -3.563277 -0.418264
70.050000 -0.360496 -3.535721 -0.414037
70.100000 -0.534579 -3.481646 -0.410037
70.150000 -0.704652 -3.401459 -0.406385
70.200000 -0.869440 -3.295762 -0.403190
70.250000 -1.027707 -3.165346 -0.400547
70.300000 -1.178266 -3.011190 -0.398536
70.350000 -1.319989 -2.834450 -0.397217
70.400000 -1.451811 -2.636451 -0.396630
70.450000 -1.572745 -2.418680 -0.396791
70.500000 -1.681884 -2.182768 -0.397697
70.550000 -1.778408 -1.930485 -0.399319
70.600000 -1.861594 -1.663724 -0.401610
70.650000 -1.930818 -1.384485 -0.404501
70.700000 -1.985562 -1.094862 -0.407905
70.750000 -2.025413 -0.797028 -0.411721
70.800000 -2.050074 -0.493216 -0.415833
70.850000 -2.059359 -0.185705 -0.420120
70.900000 -2.053199 0.123199 -0.424452
70.950000 -2.031640 0.431179 -0.428700
71.000000 -1.994844 0.735925 -0.432737
71.050000 -1.943086 1.035151 -0.436441
71.100000 -1.876756 1.326614 -0.439703
71.150000 -1.796349 1.608128 -0.442423
71.200000 -1.702470 1.877580 -0.444522
71.250000 -1.595823 2.132951 -0.445935
71.300000 -1.477206 2.372324 -0.446621
71.350000 -1.347511 2.593905 -0.446559
71.400000 -1.207710 2.796032 -0.445751
71.450000 -1.058850 2.977188 -0.444221
71.500000 -0.902049 3.136016 -0.442015
71.550000 -0.738483 3.271323 -0.439199
71.600000 -0.569379 3.382096 -0.435857
71.650000 -0.396003 3.467502 -0.432090
71.700000 -0.219658 3.526903 -0.428009
71.750000 -0.041666 3.559852 -0.423739
71.800000 0.136639 3.566101 -0.419405
71.850000 0.313920 3.545606 -0.415138
71.900000 0.488846 3.498518 -0.411067
71.950000 0.660105 3.425191 -0.407311
72.000000 0.826414 3.326175 -0.403985
72.050000 0.986524 3.202213 -0.401188
72.100000 1.139236 3.054234 -0.399003
72.150000 1.283404 2.883349 -0.397497
72.200000 1.417946 2.690838 -0.396713
72.250000 1.541853 2.478146 -0.396675
72.300000 1.654196 2.246868 -0.397386
72.350000 1.754133 1.998739 -0.398822
72.400000 1.840914 1.735619 -0.400942
72.450000 1.913888 1.459482 -0.403682
72.500000 1.972508 1.172399 -0.406960
72.550000 2.016334 0.876522 -0.410677
72.600000 2.045038 0.574072 -0.414723
72.650000 2.058404 0.267317 -0.418976
72.700000 2.056332 -0.041444 -0.423308
72.750000 2.038837 -0.349894 -0.427591
72.800000 2.006051 -0.655719 -0.431696
72.850000 1.958220 -0.956627 -0.435500
72.900000 1.895702 -1.250360 -0.438888
72.950000 1.818966 -1.534715 -0.441761
73.000000 1.728588 -1.807560 -0.444031
73.050000 1.625245 -2.066848 -0.445630
73.100000 1.509714 -2.310635 -0.446512
73.150000 1.382859 -2.537092 -0.446648
73.200000 1.245633 -2.744521 -0.446036
73.250000 1.099065 -2.931366 -0.444694
73.300000 0.944253 -3.096226 -0.442661
73.350000 0.782360 -3.237864 -0.439999
73.400000 0.614599 -3.355218 -0.436787
73.450000 0.442229 -3.447408 -0.433122
73.500000 0.266542 -3.513742 -0.429113
73.550000 0.088856 -3.553723 -0.424880
73.600000 -0.089497 -3.567052 -0.420551
73.650000 -0.267178 -3.553627 -0.416254
73.700000 -0.442856 -3.513550 -0.412118
73.750000 -0.615212 -3.447122 -0.408268
73.800000 -0.782954 -3.354840 -0.404818
73.850000 -0.944824 -3.237397 -0.401872
73.900000 -1.099607 -3.095674 -0.399518
73.950000 -1.246144 -2.930733 -0.397826
74.000000 -1.383334 -2.743811 -0.396848
74.050000 -1.510150 -2.536311 -0.396612
74.100000 -1.625639 -2.309788 -0.397126
74.150000 -1.728937 -2.065942 -0.398374
74.200000 -1.819267 -1.806602 -0.400318
74.250000 -1.895952 -1.533712 -0.402901
74.300000 -1.958418 -1.249319 -0.406045
74.350000 -2.006196 -0.955556 -0.409657
74.400000 -2.038927 -0.654627 -0.413627
74.450000 -2.056367 -0.348788 -0.417837
74.500000 -2.058383 -0.040333 -0.422161
74.550000 -2.044962 0.268425 -0.426470
74.600000 -2.016204 0.575169 -0.430634
74.650000 -1.972324 0.877600 -0.434529
74.700000 -1.913651 1.173448 -0.438038
74.750000 -1.840627 1.460496 -0.441056
74.800000 -1.753797 1.736590 -0.443493
74.850000 -1.653814 1.999659 -0.445275
74.900000 -1.541427 2.247731 -0.446350
74.950000 -1.417480 2.478946 -0.446685
75.000000 -1.282902 2.691568 -0.446271
75.050000 -1.138702 2.884003 -0.445118
75.100000 -0.985961 3.054808 -0.443263
75.150000 -0.825826 3.202702 -0.440761
75.200000 -0.659497 3.326576 -0.437685
75.250000 -0.488222 3.425501 -0.434130
75.300000 -0.313286 3.498734 -0.430201
75.350000 -0.135999 3.545727 -0.426015
75.400000 0.042307 3.566127 -0.421699
75.450000 0.220296 3.559781 -0.417380
75.500000 0.396633 3.526736 -0.413190
75.550000 0.569995 3.467241 -0.409252
75.600000 0.739082 3.381742 -0.405686
75.650000 0.902626 3.270880 -0.402597
75.700000 1.059400 3.135486 -0.400079
75.750000 1.208229 2.976576 -0.398206
75.800000 1.347996 2.795342 -0.397036
75.850000 1.477653 2.593142 -0.396602
75.900000 1.596228 2.371494 -0.396917
75.950000 1.702831 2.132060 -0.397974
76.000000 1.796663 1.876635 -0.399739
76.050000 1.877020 1.607136 -0.402159
76.100000 1.943299 1.325583 -0.405164
76.150000 1.995003 1.034088 -0.408661
76.200000 2.031745 0.734837 -0.412548
76.250000 2.053249 0.430076 -0.416706
76.300000 2.059353 0.122088 -0.421013
76.350000 2.050013 -0.186815 -0.425338
76.400000 2.025297 -0.494316 -0.429553
76.450000 1.985391 -0.798111 -0.433531
76.500000 1.930595 -1.095920 -0.437153
76.550000 1.861320 -1.385509 -0.440311
76.600000 1.778084 -1.664707 -0.442909
76.650000 1.681513 -1.931420 -0.444871
76.700000 1.572331 -2.183647 -0.446137
76.750000 1.451356 -2.419496 -0.446670
76.800000 1.319496 -2.637200 -0.446453
76.850000 1.177740 -2.835124 -0.445493
76.900000 1.027151 -3.011785 -0.443820
76.950000 0.868858 -3.165858 -0.441482
77.000000 0.704049 -3.296186 -0.438550
77.050000 0.533959 -3.401794 -0.435112
77.100000 0.359865 -3.481888 -0.431271
77.150000 0.183071 -3.535867 -0.427141
77.200000 0.004905 -3.563328 -0.422846
77.250000 -0.173298 -3.564064 -0.418516
77.300000 -0.350202 -3.538069 -0.414279
77.350000 -0.524479 -3.485539 -0.410263
77.400000 -0.694822 -3.406867 -0.406588
77.450000 -0.859954 -3.302644 -0.403363
77.500000 -1.018637 -3.173650 -0.400685
77.550000 -1.169680 -3.020855 -0.398636
77.600000 -1.311950 -2.845403 -0.397275
77.650000 -1.444380 -2.648610 -0.396644
77.700000 -1.565978 -2.431953 -0.396761
77.750000 -1.675831 -2.197057 -0.397623
77.800000 -1.773115 -1.945682 -0.399205
77.850000 -1.857101 -1.679715 -0.401459
77.900000 -1.927158 -1.401150 -0.404317
77.950000 -1.982762 -1.112076 -0.407693
78.000000 -2.023495 -0.814662 -0.411488
78.050000 -2.049052 -0.511138 -0.415586
78.100000 -2.059241 -0.203780 -0.419866
78.150000 -2.053986 0.105106 -0.424199
78.200000 -2.033325 0.413204 -0.428456
78.250000 -1.997415 0.718203 -0.432508
78.300000 -1.946524 1.017815 -0.436235
78.350000 -1.881035 1.309794 -0.439526
78.400000 -1.801437 1.591949 -0.442280
78.450000 -1.708329 1.862165 -0.444417
78.500000 -1.602408 2.118414 -0.445872
78.550000 -1.484470 2.358775 -0.446601
78.600000 -1.355397 2.581446 -0.446583
78.650000 -1.216160 2.784755 -0.445818
78.700000 -1.067801 2.967179 -0.444330
78.750000 -0.911433 3.127349 -0.442162
78.800000 -0.748230 3.264064 -0.439379
78.850000 -0.579415 3.376299 -0.436066
78.900000 -0.406254 3.463211 -0.432320
78.950000 -0.230047 3.524149 -0.428255
79.000000 -0.052114 3.558656 -0.423992
79.050000 0.126210 3.566473 -0.419658
79.100000 0.303587 3.547542 -0.415384
79.150000 0.478687 3.502004 -0.411298
79.200000 0.650197 3.430201 -0.407521
79.250000 0.816830 3.332671 -0.404167
79.300000 0.977338 3.210147 -0.401336
79.350000 1.130515 3.063546 -0.399113
79.400000 1.275214 2.893969 -0.397565
79.450000 1.410348 2.702687 -0.396738
79.500000 1.534905 2.491135 -0.396657
79.550000 1.647950 2.260899 -0.397324
79.600000 1.748635 2.013706 -0.398719
79.650000 1.836205 1.751411 -0.400800
79.700000 1.910004 1.475980 -0.403506
79.750000 1.969478 1.189480 -0.406755
79.800000 2.014181 0.894058 -0.410449
79.850000 2.043778 0.591931 -0.414479
79.900000 2.058046 0.285364 -0.418723
79.950000 2.056879 -0.023343 -0.423055
80.000000 2.040285 -0.331875 -0.427344
80.050000 2.008389 -0.637917 -0.431463
80.100000 1.961431 -0.939176 -0.435287
80.150000 1.899761 -1.233390 -0.438703
80.200000 1.823843 -1.518355 -0.441608
80.250000 1.734247 -1.791931 -0.443916
80.300000 1.631643 -2.052068 -0.445556
80.350000 1.516803 -2.296815 -0.446481
80.400000 1.390586 -2.524335 -0.446661
80.450000 1.253940 -2.732923 -0.446093
80.500000 1.107889 -2.921014 -0.444792
80.550000 0.953529 -3.087197 -0.442798
80.600000 0.792018 -3.230227 -0.440171
80.650000 0.624566 -3.349029 -0.436989
80.700000 0.452431 -3.442714 -0.433347
80.750000 0.276902 -3.510579 -0.429355
80.800000 0.099296 -3.552114 -0.425132
80.850000 -0.079054 -3.567008 -0.420805
80.900000 -0.256812 -3.555150 -0.416502
80.950000 -0.432643 -3.516629 -0.412354
81.000000 -0.605230 -3.451732 -0.408483
81.050000 -0.773277 -3.360948 -0.405007
81.100000 -0.935525 -3.244956 -0.402029
81.150000 -1.090756 -3.104627 -0.399638
81.200000 -1.237807 -2.941014 -0.397906
81.250000 -1.375574 -2.755343 -0.396885
81.300000 -1.503025 -2.549006 -0.396605
81.350000 -1.619202 -2.323553 -0.397075
81.400000 -1.723236 -2.080672 -0.398281
81.450000 -1.814345 -1.822187 -0.400186
81.500000 -1.891847 -1.550035 -0.402733
81.550000 -1.955160 -1.266258 -0.405847
81.600000 -2.003809 -0.972984 -0.409434
81.650000 -2.037430 -0.672413 -0.413386
81.700000 -2.055770 -0.366798 -0.417586
81.750000 -2.058691 -0.058433 -0.421907
81.800000 -2.046173 0.250371 -0.426220
81.850000 -2.018308 0.557297 -0.430396
81.900000 -1.975306 0.860043 -0.434310
81.950000 -1.917489 1.156339 -0.437845
82.000000 -1.845291 1.443962 -0.440895
82.050000 -1.759253 1.720756 -0.443368
82.100000 -1.660021 1.984644 -0.445190
82.150000 -1.548338 2.233647 -0.446308
82.200000 -1.425044 2.465897 -0.446686
82.250000 -1.291061 2.679654 -0.446315
82.300000 -1.147395 2.873313 -0.445206
82.350000 -0.995124 3.045422 -0.443390
82.400000 -0.835390 3.194691 -0.440924
82.450000 -0.669390 3.320000 -0.437880
82.500000 -0.498369 3.420408 -0.434350
82.550000 -0.323611 3.495163 -0.430439
82.600000 -0.146426 3.543705 -0.426265
82.650000 0.031858 3.565669 -0.421953
82.700000 0.209902 3.560890 -0.417631
82.750000 0.386372 3.529405 -0.413430
82.800000 0.559945 3.471449 -0.409474
82.850000 0.729318 3.387457 -0.405883
82.900000 0.893221 3.278060 -0.402763
82.950000 1.050425 3.144077 -0.400209
83.000000 1.199750 2.986513 -0.398297
83.050000 1.340078 2.806550 -0.397084
83.100000 1.470355 2.605539 -0.396606
83.150000 1.589604 2.384985 -0.396878
83.200000 1.696931 2.146545 -0.397892
83.250000 1.791531 1.892005 -0.399616
83.300000 1.872695 1.623276 -0.402001
83.350000 1.939814 1.342371 -0.404973
83.400000 1.992384 1.051399 -0.408445
83.450000 2.030011 0.752542 -0.412311
83.500000 2.052413 0.448040 -0.416458
83.550000 2.059422 0.140178 -0.420759
83.600000 2.050985 -0.168735 -0.425087
83.650000 2.027166 -0.476383 -0.429312
83.700000 1.988143 -0.780458 -0.433307
83.750000 1.934209 -1.078679 -0.436953
83.800000 1.865768 -1.368811 -0.440140
83.850000 1.783335 -1.648676 -0.442774
83.900000 1.687526 -1.916176 -0.444775
83.950000 1.579061 -2.169305 -0.446083
84.000000 1.458752 -2.406164 -0.446659
84.050000 1.327504 -2.624977 -0.446486
84.100000 1.186298 -2.824102 -0.445570
84.150000 1.036196 -3.002047 -0.443937
84.200000 0.878322 -3.157477 -0.441636
84.250000 0.713861 -3.289225 -0.438737
84.300000 0.544046 -3.396304 -0.435326
84.350000 0.370150 -3.477911 -0.431505
84.400000 0.193479 -3.533433 -0.427388
84.450000 0.015356 -3.562455 -0.423100
84.500000 -0.162882 -3.564759 -0.418768
84.550000 -0.339898 -3.540326 -0.414523
84.600000 -0.514365 -3.489341 -0.410490
84.650000 -0.684975 -3.412187 -0.406791
84.700000 -0.850447 -3.309440 -0.403537
84.750000 -1.009541 -3.181873 -0.400826
84.800000 -1.161063 -3.030442 -0.398737
84.850000 -1.303877 -2.856283 -0.397335
84.900000 -1.436912 -2.660701 -0.396660
84.950000 -1.559170 -2.445165 -0.396733
85.000000 -1.669735 -2.211289 -0.397553
85.050000 -1.767776 -1.960829 -0.399093
85.100000 -1.852559 -1.695663 -0.401309
85.150000 -1.923448 -1.417779 -0.404134
85.200000 -1.979911 -1.129261 -0.407483
85.250000 -2.021525 -0.832275 -0.411256
85.300000 -2.047977 -0.529046 -0.415340
85.350000 -2.059070 -0.221849 -0.419613
85.400000 -2.054719 0.087011 -0.423946
85.450000 -2.034958 0.395219 -0.428211
85.500000 -1.999935 0.700463 -0.432279
85.550000 -1.949912 1.000453 -0.436028
85.600000 -1.885265 1.292940 -0.439347
85.650000 -1.806479 1.575729 -0.442135
85.700000 -1.714144 1.846701 -0.444310
85.750000 -1.608953 2.103823 -0.445806
85.800000 -1.491694 2.345166 -0.446579
85.850000 -1.363248 2.568920 -0.446605
85.900000 -1.224578 2.773407 -0.445884
85.950000 -1.076723 2.957094 -0.444436
86.000000 -0.920793 3.118602 -0.442306
86.050000 -0.757957 3.256721 -0.439558
86.100000 -0.589436 3.370415 -0.436273
86.150000 -0.416495 3.458830 -0.432549
86.200000 -0.240430 3.521305 -0.428500
86.250000 -0.062561 3.557369 -0.424245
86.300000 0.115776 3.566753 -0.419912
86.350000 0.293246 3.549387 -0.415631
86.400000 0.468516 3.505400 -0.411530
86.450000 0.640272 3.435123 -0.407731
86.500000 0.807226 3.339082 -0.404350
86.550000 0.968126 3.217998 -0.401486
86.600000 1.121765 3.072779 -0.399225
86.650000 1.266991 2.904514 -0.397636
86.700000 1.402714 2.714466 -0.396766
86.750000 1.527917 2.504059 -0.396641
86.800000 1.641660 2.274871 -0.397264
86.850000 1.743091 2.028622 -0.398618
86.900000 1.831449 1.767158 -0.400660
86.950000 1.906071 1.492441 -0.403332
87.000000 1.966398 1.206530 -0.406551
87.050000 2.011976 0.911571 -0.410222
87.100000 2.042465 0.609774 -0.414236
87.150000 2.057635 0.303404 -0.418471
87.200000 2.057373 -0.005241 -0.422801
87.250000 2.041681 -0.313847 -0.427096
87.300000 2.010676 -0.620099 -0.431228
87.350000 1.964591 -0.921701 -0.435073
87.400000 1.903772 -1.216389 -0.438516
87.450000 1.828674 -1.501955 -0.441454
87.500000 1.739861 -1.776256 -0.443798
87.550000 1.637999 -2.037235 -0.445479
87.600000 1.523852 -2.282935 -0.446447
87.650000 1.398277 -2.511513 -0.446671
87.700000 1.262214 -2.721254 -0.446146
87.750000 1.116685 -2.910587 -0.444888
87.800000 0.962780 -3.078089 -0.442933
87.850000 0.801655 -3.222506 -0.440341
87.900000 0.634517 -3.342755 -0.437189
87.950000 0.462621 -3.437932 -0.433571
88.000000 0.287254 -3.507325 -0.429597
88.050000 0.109734 -3.550413 -0.425384
88.100000 -0.068610 -3.566873 -0.421059
88.150000 -0.246439 -3.556582 -0.416751
88.200000 -0.422420 -3.519616 -0.412590
88.250000 -0.595233 -3.456253 -0.408700
88.300000 -0.763581 -3.366968 -0.405198
88.350000 -0.926202 -3.252431 -0.402188
88.400000 -1.081878 -3.113501 -0.399761
88.450000 -1.229438 -2.951219 -0.397989
88.500000 -1.367779 -2.766803 -0.396925
88.550000 -1.495860 -2.561637 -0.396601
88.600000 -1.612723 -2.337258 -0.397027
88.650000 -1.717491 -2.095349 -0.398190
88.700000 -1.809377 -1.837725 -0.400056
88.750000 -1.887693 -1.566319 -0.402568
88.800000 -1.951851 -1.283165 -0.405651
88.850000 -2.001371 -0.990387 -0.409213
88.900000 -2.035880 -0.690182 -0.413147
88.950000 -2.055120 -0.384800 -0.417335
89.000000 -2.058946 -0.076532 -0.421653
89.050000 -2.047331 0.232310 -0.425970
89.100000 -2.020360 0.539410 -0.430158
89.150000 -1.978237 0.842464 -0.434090
89.200000 -1.921277 1.139199 -0.437650
89.250000 -1.849908 1.427391 -0.440731
89.300000 -1.764664 1.704877 -0.443240
89.350000 -1.666185 1.969577 -0.445102
89.400000 -1.555210 2.219504 -0.446262
89.450000 -1.432570 2.452786 -0.446685
89.500000 -1.299187 2.667671 -0.446358
89.550000 -1.156059 2.862549 -0.445291
89.600000 -1.004261 3.035958 -0.443515
89.650000 -0.844931 3.186598 -0.441085
89.700000 -0.679265 3.313337 -0.438072
89.750000 -0.508503 3.415227 -0.434568
89.800000 -0.333928 3.491502 -0.430677
89.850000 -0.156849 3.541592 -0.426515
89.900000 0.021407 3.565119 -0.422207
89.950000 0.199503 3.561908 -0.417882
90.000000 0.376102 3.531982 -0.413670
90.050000 0.549880 3.475567 -0.409697
90.100000 0.719534 3.393085 -0.406081
90.150000 0.883792 3.285155 -0.402931
90.200000 1.041422 3.152586 -0.400342
90.250000 1.191240 2.996373 -0.398390
90.300000 1.332125 2.817687 -0.397135
90.350000 1.463018 2.617868 -0.396614
90.400000 1.582939 2.398415 -0.396842
90.450000 1.690987 2.160975 -0.397812
90.500000 1.786354 1.907327 -0.399497
90.550000 1.868322 1.639373 -0.401844
90.600000 1.936279 1.359125 -0.404784
90.650000 1.989713 1.068683 -0.408229
90.700000 2.028224 0.770226 -0.412076
90.750000 2.051524 0.465993 -0.416209
90.800000 2.059437 0.158264 -0.420505
90.850000 2.051904 -0.150651 -0.424835
90.900000 2.028983 -0.458437 -0.429069
90.950000 1.990843 -0.762784 -0.433081
91.000000 1.937773 -1.061411 -0.436751
91.050000 1.870169 -1.352077 -0.439968
91.100000 1.788539 -1.632602 -0.442636
91.150000 1.693495 -1.900883 -0.444676
91.200000 1.585749 -2.154907 -0.446026
91.250000 1.466111 -2.392770 -0.446646
91.300000 1.335477 -2.612686 -0.446517
91.350000 1.194826 -2.813008 -0.445644
91.400000 1.045215 -2.992232 -0.444051
91.450000 0.887764 -3.149014 -0.441788
91.500000 0.723655 -3.282178 -0.438922
91.550000 0.554119 -3.390727 -0.435538
91.600000 0.380426 -3.473845 -0.431738
91.650000 0.203881 -3.530909 -0.427636
91.700000 0.025806 -3.561491 -0.423354
91.750000 -0.152462 -3.565362 -0.419021
91.800000 -0.329586 -3.542492 -0.414767
91.850000 -0.504239 -3.493054 -0.410718
91.900000 -0.675110 -3.417419 -0.406997
91.950000 -0.840918 -3.316152 -0.403714
92.000000 -1.000418 -3.190014 -0.400968
92.050000 -1.152416 -3.039952 -0.398841
92.100000 -1.295770 -2.867089 -0.397397
92.150000 -1.429406 -2.672724 -0.396679
92.200000 -1.552322 -2.458313 -0.396708
92.250000 -1.663595 -2.225465 -0.397485
92.300000 -1.762392 -1.975925 -0.398984
92.350000 -1.847970 -1.711567 -0.401162
92.400000 -1.919688 -1.434371 -0.403953
92.450000 -1.977009 -1.146418 -0.407274
92.500000 -2.019503 -0.849866 -0.411025
92.550000 -2.046850 -0.546941 -0.415094
92.600000 -2.058845 -0.239913 -0.419359
92.650000 -2.055400 0.068913 -0.423693
92.700000 -2.036539 0.377223 -0.427965
92.750000 -2.002403 0.682704 -0.432048
92.800000 -1.953250 0.983065 -0.435819
92.850000 -1.889448 1.276052 -0.439166
92.900000 -1.811474 1.559469 -0.441988
92.950000 -1.719915 1.831190 -0.444201
93.000000 -1.615456 2.089178 -0.445738
93.050000 -1.498881 2.331496 -0.446554
93.100000 -1.371064 2.556328 -0.446624
93.150000 -1.232965 2.761988 -0.445946
93.200000 -1.085618 2.946932 -0.444540
93.250000 -0.930130 3.109775 -0.442449
93.300000 -0.767665 3.249295 -0.439734
93.350000 -0.599443 3.364444 -0.436478
93.400000 -0.426725 3.454361 -0.432778
93.450000 -0.250806 3.518370 -0.428744
93.500000 -0.073007 3.555990 -0.424497
93.550000 0.105340 3.566941 -0.420165
93.600000 0.282897 3.551140 -0.415878
93.650000 0.458333 3.508706 -0.411763
93.700000 0.630330 3.439956 -0.407943
93.750000 0.797601 3.345406 -0.404534
93.800000 0.958889 3.225766 -0.401638
93.850000 1.112986 3.081933 -0.399340
93.900000 1.258735 2.914985 -0.397710
93.950000 1.395044 2.726175 -0.396797
94.000000 1.520890 2.516918 -0.396628
94.050000 1.635329 2.288785 -0.397207
94.100000 1.737503 2.043485 -0.398519
94.150000 1.826646 1.782860 -0.400523
94.200000 1.902089 1.508863 -0.403159
94.250000 1.963267 1.223550 -0.406349
94.300000 2.009720 0.929060 -0.409997
94.350000 2.041100 0.627602 -0.413993
94.400000 2.057172 0.321437 -0.418219
94.450000 2.057815 0.012861 -0.422547
94.500000 2.043024 -0.295811 -0.426848
94.550000 2.012911 -0.602265 -0.430993
94.600000 1.967701 -0.904202 -0.434858
94.650000 1.907733 -1.199357 -0.438328
94.700000 1.833457 -1.485517 -0.441297
94.750000 1.745430 -1.760535 -0.443679
94.800000 1.644313 -2.022350 -0.445400
94.850000 1.530863 -2.268997 -0.446410
94.900000 1.405932 -2.498626 -0.446679
94.950000 1.270456 -2.709516 -0.446198
95.000000 1.125452 -2.900084 -0.444981
95.050000 0.972007 -3.068902 -0.443066
95.100000 0.811272 -3.214703 -0.440509
95.150000 0.644452 -3.336394 -0.437387
95.200000 0.472799 -3.433062 -0.433794
95.250000 0.297600 -3.503981 -0.429837
95.300000 0.120169 -3.548621 -0.425635
95.350000 -0.058164 -3.566647 -0.421313
95.400000 -0.236060 -3.557922 -0.417001
95.450000 -0.412185 -3.522513 -0.412828
95.500000 -0.585220 -3.460685 -0.408919
95.550000 -0.753865 -3.372902 -0.405391
95.600000 -0.916856 -3.259823 -0.402349
95.650000 -1.072971 -3.122294 -0.399885
95.700000 -1.221038 -2.961349 -0.398073
95.750000 -1.359948 -2.778193 -0.396967
95.800000 -1.488658 -2.574201 -0.396599
95.850000 -1.606203 -2.350902 -0.396982
95.900000 -1.711702 -2.109972 -0.398102
95.950000 -1.804362 -1.853216 -0.399928
96.000000 -1.883490 -1.582562 -0.402404
96.050000 -1.948492 -1.300038 -0.405456
96.100000 -1.998881 -1.007765 -0.408993
96.150000 -2.034277 -0.707933 -0.412908
96.200000 -2.054417 -0.402791 -0.417085
96.250000 -2.059148 -0.094628 -0.421399
96.300000 -2.048436 0.214244 -0.425720
96.350000 -2.022361 0.521509 -0.429918
96.400000 -1.981117 0.824863 -0.433869
96.450000 -1.925016 1.122031 -0.437454
96.500000 -1.854477 1.410783 -0.440565
96.550000 -1.770029 1.688955 -0.443110
96.600000 -1.672306 1.954459 -0.445012
96.650000 -1.562041 2.205305 -0.446214
96.700000 -1.440060 2.439611 -0.446681
96.750000 -1.307279 2.655620 -0.446398
96.800000 -1.164694 2.851712 -0.445373
96.850000 -1.013373 3.026416 -0.443638
96.900000 -0.854452 3.178422 -0.441244
96.950000 -0.689122 3.306590 -0.438263
97.000000 -0.518624 3.409958 -0.434785
97.050000 -0.344237 3.487752 -0.430913
97.100000 -0.167267 3.539387 -0.426764
97.150000 0.010957 3.564477 -0.422461
97.200000 0.189098 3.562834 -0.418134
97.250000 0.365822 3.534469 -0.413911
97.300000 0.539801 3.479596 -0.409921
97.350000 0.709733 3.398626 -0.406281
97.400000 0.874341 3.292166 -0.403101
97.450000 1.032392 3.161014 -0.400477
97.500000 1.182700 3.006156 -0.398486
97.550000 1.324137 2.828751 -0.397189
97.600000 1.455644 2.630130 -0.396624
97.650000 1.576233 2.411784 -0.396808
97.700000 1.685000 2.175349 -0.397735
97.750000 1.781130 1.922599 -0.399379
97.800000 1.863902 1.655429 -0.401689
97.850000 1.932694 1.375844 -0.404597
97.900000 1.986991 1.085940 -0.408015
97.950000 2.026385 0.787891 -0.411842
98.000000 2.050582 0.483933 -0.415961
98.050000 2.059399 0.176346 -0.420251
98.100000 2.052771 -0.132564 -0.424583
98.150000 2.030747 -0.440479 -0.428826
98.200000 1.993493 -0.745091 -0.432855
98.250000 1.941287 -1.044115 -0.436547
98.300000 1.874521 -1.335308 -0.439794
98.350000 1.793697 -1.616487 -0.442497
98.400000 1.699420 -1.885541 -0.444575
98.450000 1.592397 -2.140454 -0.445967
98.500000 1.473432 -2.379314 -0.446630
98.550000 1.343415 -2.600329 -0.446545
98.600000 1.203323 -2.801841 -0.445715
98.650000 1.054206 -2.982339 -0.444164
98.700000 0.897183 -3.140470 -0.441938
98.750000 0.733430 -3.275048 -0.439105
98.800000 0.564177 -3.385062 -0.435748
98.850000 0.390693 -3.469689 -0.431970
98.900000 0.214278 -3.528293 -0.427882
98.950000 0.036256 -3.560434 -0.423607
99.000000 -0.142037 -3.565873 -0.419274
99.050000 -0.319266 -3.544567 -0.415011
99.100000 -0.494099 -3.496677 -0.410947
99.150000 -0.665228 -3.422563 -0.407204
99.200000 -0.831366 -3.322778 -0.403892
99.250000 -0.991270 -3.198073 -0.401113
99.300000 -1.143739 -3.049383 -0.398948
99.350000 -1.287630 -2.877822 -0.397462
99.400000 -1.421864 -2.684677 -0.396701
99.450000 -1.545434 -2.471398 -0.396686
99.500000 -1.657413 -2.239583 -0.397419
99.550000 -1.756962 -1.990971 -0.398877
99.600000 -1.843333 -1.727426 -0.401017
99.650000 -1.915879 -1.450926 -0.403774
99.700000 -1.974057 -1.163544 -0.407067
99.750000 -2.017429 -0.867436 -0.410796
99.800000 -2.045670 -0.564822 -0.414849
99.850000 -2.058568 -0.257971 -0.419106
99.900000 -2.056027 0.050814 -0.423440
99.950000 -2.038067 0.359218 -0.427719
100.000000 -2.004820 0.664928 -0.431816
