#Posizione iniziale=2.000000
#Velocita' iniziale=1.000000
#Pulsazione al quadrato=3.000000
#Tempo massimo di integrazione=100.000000
#Passo di tempo=0.100000
#E' stato utilizzato l'algoritmo di Eulero
#Legenda
#1:t 2:x 3:v 4:dE
0 2.000000 1.000000 0
0.100000 2.100000 0.400000 -0.391364
0.200000 2.140000 -0.230000 -0.373105
0.300000 2.117000 -0.872000 -0.354298
0.400000 2.029800 -1.507100 -0.334927
0.500000 1.879090 -2.116040 -0.314974
0.600000 1.667486 -2.679767 -0.294424
0.700000 1.399509 -3.180013 -0.273256
0.800000 1.081508 -3.599866 -0.251454
0.900000 0.721521 -3.924318 -0.228998
1.000000 0.329090 -4.140774 -0.205868
1.100000 -0.084988 -4.239501 -0.182044
1.200000 -0.508938 -4.214005 -0.157505
1.300000 -0.930338 -4.061324 -0.132230
1.400000 -1.336471 -3.782222 -0.106197
1.500000 -1.714693 -3.381281 -0.079383
1.600000 -2.052821 -2.866873 -0.051764
1.700000 -2.339508 -2.251027 -0.023317
1.800000 -2.564611 -1.549174 0.005983
1.900000 -2.719528 -0.779791 0.036163
2.000000 -2.797508 0.036068 0.067248
2.100000 -2.793901 0.875320 0.099265
2.200000 -2.706369 1.713490 0.132243
2.300000 -2.535020 2.525401 0.166210
2.400000 -2.282480 3.285907 0.201197
2.500000 -1.953889 3.970651 0.237232
2.600000 -1.556824 4.556817 0.274349
2.700000 -1.101142 5.023865 0.312580
2.800000 -0.598756 5.354207 0.351957
2.900000 -0.063335 5.533834 0.392516
3.000000 0.490048 5.552834 0.434291
3.100000 1.045332 5.405820 0.477320
3.200000 1.585914 5.092220 0.521640
3.300000 2.095136 4.616446 0.567289
3.400000 2.556780 3.987905 0.614308
3.500000 2.955571 3.220871 0.662737
3.600000 3.277658 2.334200 0.712619
3.700000 3.511078 1.350903 0.763998
3.800000 3.646168 0.297579 0.816918
3.900000 3.675926 -0.796271 0.871425
4.000000 3.596299 -1.899049 0.927568
4.100000 3.406394 -2.977939 0.985395
4.200000 3.108600 -3.999857 1.044957
4.300000 2.708615 -4.932437 1.106305
4.400000 2.215371 -5.745022 1.169495
4.500000 1.640869 -6.409633 1.234579
4.600000 0.999905 -6.901894 1.301617
4.700000 0.309716 -7.201865 1.370665
4.800000 -0.410471 -7.294780 1.441785
4.900000 -1.139949 -7.171639 1.515039
5.000000 -1.857112 -6.829654 1.590490
5.100000 -2.540078 -6.272521 1.668205
5.200000 -3.167330 -5.510497 1.748251
5.300000 -3.718380 -4.560298 1.830698
5.400000 -4.174409 -3.444784 1.915619
5.500000 -4.518888 -2.192462 2.003088
5.600000 -4.738134 -0.836795 2.093180
5.700000 -4.821814 0.584645 2.185976
5.800000 -4.763349 2.031189 2.281555
5.900000 -4.560230 3.460194 2.380002
6.000000 -4.214211 4.828263 2.481402
6.100000 -3.731385 6.092526 2.585844
6.200000 -3.122132 7.211941 2.693419
6.300000 -2.400938 8.148581 2.804222
6.400000 -1.586080 8.868862 2.918348
6.500000 -0.699193 9.344686 3.035899
6.600000 0.235275 9.554444 3.156976
6.700000 1.190720 9.483862 3.281685
6.800000 2.139106 9.126646 3.410136
6.900000 3.051770 8.484914 3.542440
7.000000 3.900262 7.569383 3.678713
7.100000 4.657200 6.399304 3.819074
7.200000 5.297131 5.002144 3.963647
7.300000 5.797345 3.413005 4.112556
7.400000 6.138646 1.673802 4.265933
7.500000 6.306026 -0.167792 4.423911
7.600000 6.289246 -2.059600 4.586628
7.700000 6.083287 -3.946374 4.754227
7.800000 5.688649 -5.771360 4.926854
7.900000 5.111513 -7.477954 5.104659
8.000000 4.363718 -9.011408 5.287799
8.100000 3.462577 -10.320524 5.476433
8.200000 2.430525 -11.359297 5.670726
8.300000 1.294595 -12.088454 5.870848
8.400000 0.085750 -12.476833 6.076973
8.500000 -1.161934 -12.502557 6.289282
8.600000 -2.412189 -12.153977 6.507961
8.700000 -3.627587 -11.430320 6.733200
8.800000 -4.770619 -10.342044 6.965196
8.900000 -5.804824 -8.910859 7.204151
9.000000 -6.695909 -7.169411 7.450276
9.100000 -7.412851 -5.160639 7.703784
9.200000 -7.928915 -2.936783 7.964898
9.300000 -8.222593 -0.558109 8.233845
9.400000 -8.278404 1.908669 8.510860
9.500000 -8.087537 4.392190 8.796186
9.600000 -7.648318 6.818451 9.090071
9.700000 -6.966473 9.112946 9.392774
9.800000 -6.055178 11.202888 9.704557
9.900000 -4.934889 13.019442 10.025694
10.000000 -3.632945 14.499908 10.356464
10.100000 -2.182954 15.589792 10.697158
10.200000 -0.623975 16.244678 11.048073
10.300000 1.000493 16.431871 11.409515
10.400000 2.643680 16.131723 11.781801
10.500000 4.256852 15.338619 12.165255
10.600000 5.790714 14.061563 12.560212
10.700000 7.196870 12.324349 12.967019
10.800000 8.429305 10.165288 13.386029
10.900000 9.445834 7.636497 13.817610
11.000000 10.209484 4.802746 14.262138
11.100000 10.689758 1.739901 14.720003
11.200000 10.863748 -1.467026 15.191603
11.300000 10.717046 -4.726151 15.677351
11.400000 10.244431 -7.941265 16.177671
11.500000 9.450304 -11.014594 16.693001
11.600000 8.348845 -13.849685 17.223791
11.700000 6.963876 -16.354339 17.770505
11.800000 5.328443 -18.443502 18.333620
11.900000 3.484092 -20.042034 18.913629
12.000000 1.479889 -21.087262 19.511038
12.100000 -0.628837 -21.531229 20.126369
12.200000 -2.781960 -21.342578 20.760160
12.300000 -4.916218 -20.507989 21.412965
12.400000 -6.967017 -19.033124 22.085354
12.500000 -8.870329 -16.943019 22.777914
12.600000 -10.564631 -14.281920 23.491252
12.700000 -11.992823 -11.112531 24.225989
12.800000 -13.104076 -7.514684 24.982769
12.900000 -13.855545 -3.583461 25.762252
13.000000 -14.213891 0.573202 26.565120
13.100000 -14.156571 4.837369 27.392073
13.200000 -13.672834 9.084341 28.243836
13.300000 -12.764400 13.186191 29.121151
13.400000 -11.445780 17.015511 30.024785
13.500000 -9.744229 20.449245 30.955529
13.600000 -7.699305 23.372514 31.914195
13.700000 -5.362054 25.682305 32.901620
13.800000 -2.793823 27.290921 33.918669
13.900000 -0.064731 28.129068 34.966229
14.000000 2.748176 28.148487 36.045216
14.100000 5.563025 27.324035 37.156572
14.200000 8.295428 25.655127 38.301270
14.300000 10.860941 23.166499 39.480308
14.400000 13.177591 19.908217 40.694717
14.500000 15.168412 15.954939 41.945558
14.600000 16.763906 11.404416 43.233925
14.700000 17.904348 6.375244 44.560943
14.800000 18.541872 1.003940 45.927771
14.900000 18.642266 -4.558622 47.335604
15.000000 18.186404 -10.151302 48.785672
15.100000 17.171274 -15.607223 50.279243
15.200000 15.610551 -20.758605 51.817620
15.300000 13.534691 -25.441771 53.402148
15.400000 10.990514 -29.502178 55.034213
15.500000 8.040296 -32.799332 56.715239
15.600000 4.760363 -35.211421 58.446696
15.700000 1.239221 -36.639530 60.230097
15.800000 -2.424732 -37.011296 62.067000
15.900000 -6.125862 -36.283876 63.959010
16.000000 -9.754249 -34.446118 65.907781
16.100000 -13.198861 -31.519843 67.915014
16.200000 -16.350846 -27.560184 69.982464
16.300000 -19.106864 -22.654931 72.111938
16.400000 -21.372357 -16.922872 74.305297
16.500000 -23.064644 -10.511165 76.564455
16.600000 -24.115761 -3.591771 78.891389
16.700000 -24.474938 3.642957 81.288131
16.800000 -24.110642 10.985438 83.756775
16.900000 -23.012098 18.218631 86.299478
17.000000 -21.190235 25.122260 88.918462
17.100000 -18.678009 31.479331 91.616016
17.200000 -15.530076 37.082734 94.394497
17.300000 -11.821803 41.741757 97.256332
17.400000 -7.647627 45.288297 100.204021
17.500000 -3.118797 47.582585 103.240142
17.600000 1.639461 48.518225 106.367346
17.700000 6.491284 48.026386 109.588367
17.800000 11.293922 46.079001 112.906018
17.900000 15.901822 42.690824 116.323198
18.000000 20.170905 37.920278 119.842894
18.100000 23.962933 31.869006 123.468181
18.200000 27.149833 24.680126 127.202227
18.300000 29.617846 16.535176 131.048293
18.400000 31.271364 7.649823 135.009742
18.500000 32.036346 -1.731586 139.090034
18.600000 31.863187 -11.342490 143.292735
18.700000 30.728938 -20.901446 147.621517
18.800000 28.638794 -30.120128 152.080163
18.900000 25.626781 -38.711766 156.672568
19.000000 21.755604 -46.399800 161.402745
19.100000 17.115624 -52.926481 166.274827
19.200000 11.822976 -58.061169 171.293072
19.300000 6.016859 -61.608061 176.461864
19.400000 -0.143947 -63.413119 181.785720
19.500000 -6.485259 -63.369935 187.269292
19.600000 -12.822252 -61.424357 192.917371
19.700000 -18.964688 -57.577682 198.734892
19.800000 -24.722456 -51.888275 204.726938
19.900000 -29.911284 -44.471538 210.898747
20.000000 -34.358438 -35.498153 217.255709
20.100000 -37.908253 -25.190622 223.803380
20.200000 -40.427315 -13.818146 230.547482
20.300000 -41.809130 -1.689952 237.493906
20.400000 -41.978125 10.852787 244.648723
20.500000 -40.892846 23.446225 252.018185
20.600000 -38.548224 35.714079 259.608731
20.700000 -34.976816 47.278546 267.426992
20.800000 -30.248961 57.771591 275.479802
20.900000 -24.471802 66.846279 283.774196
21.000000 -17.787174 74.187820 292.317422
21.100000 -10.368392 79.523972 301.116945
21.200000 -2.415995 82.634490 310.180453
21.300000 5.847454 83.359288 319.515867
21.400000 14.183383 81.605052 329.131343
21.500000 22.343888 77.350037 339.035283
21.600000 30.078892 70.646871 349.236342
21.700000 37.143579 61.623203 359.743432
21.800000 43.305899 50.480130 370.565735
21.900000 48.353912 37.488360 381.712707
22.000000 52.102748 22.982186 393.194088
22.100000 54.400967 7.351362 405.019911
22.200000 55.136103 -8.968928 417.200508
22.300000 54.239210 -25.509759 429.746523
22.400000 51.688234 -41.781522 442.668919
22.500000 47.510082 -57.287992 455.978987
22.600000 41.781283 -71.541017 469.688356
22.700000 34.627181 -84.075401 483.809007
22.800000 26.219641 -94.463556 498.353277
22.900000 16.773285 -102.329448 513.333875
23.000000 6.540341 -107.361434 528.763892
23.100000 -4.195803 -109.323536 544.656808
23.200000 -15.128156 -108.064795 561.026513
23.300000 -25.934636 -103.526348 577.887308
23.400000 -36.287271 -95.745957 595.253927
23.500000 -45.861866 -84.859776 613.141545
23.600000 -54.347844 -71.101216 631.565791
23.700000 -61.457966 -54.796863 650.542765
23.800000 -66.937652 -36.359473 670.089048
23.900000 -70.573599 -16.278178 690.221719
24.000000 -72.201417 4.893902 710.958371
24.100000 -71.712027 26.554327 732.317122
24.200000 -69.056594 48.067935 754.316636
24.300000 -64.249801 68.784913 776.976135
24.400000 -57.371309 88.059854 800.315419
24.500000 -48.565324 105.271246 824.354882
24.600000 -38.038199 119.840844 849.115528
24.700000 -26.054115 131.252303 874.618994
24.800000 -12.928885 139.068538 900.887564
24.900000 0.977969 142.947203 927.944191
25.000000 15.272690 142.653812 955.812516
25.100000 29.538071 138.072006 984.516892
25.200000 43.345271 129.210584 1014.082399
25.300000 56.266330 116.207003 1044.534870
25.400000 67.887030 99.327104 1075.900917
25.500000 77.819740 78.960995 1108.207944
25.600000 85.715840 55.615073 1141.484182
25.700000 91.277347 29.900321 1175.758708
25.800000 94.267379 2.517117 1211.061469
25.900000 94.519091 -25.763097 1247.423313
26.000000 91.942781 -54.118824 1284.876013
26.100000 86.530899 -81.701659 1323.452293
26.200000 78.360733 -107.660929 1363.185862
26.300000 67.594640 -131.169148 1404.111438
26.400000 54.477725 -151.447540 1446.264781
26.500000 39.332971 -167.790858 1489.682724
26.600000 22.553885 -179.590749 1534.403206
26.700000 4.594811 -186.356915 1580.465302
26.800000 -14.040881 -187.735358 1627.909261
26.900000 -32.814417 -183.523094 1676.776539
27.000000 -51.166726 -173.678769 1727.109835
27.100000 -68.534603 -158.328751 1778.953130
27.200000 -84.367478 -137.768370 1832.351724
27.300000 -98.144315 -112.458127 1887.352276
27.400000 -109.390128 -83.014832 1944.002844
27.500000 -117.691611 -50.197794 2002.352929
27.600000 -122.711390 -14.890310 2062.453517
27.700000 -124.200421 21.923107 2124.357123
27.800000 -122.008111 59.183233 2188.117836
27.900000 -116.089787 95.785666 2253.791372
28.000000 -106.511221 130.612603 2321.435113
28.100000 -93.449961 162.565969 2391.108166
28.200000 -77.193364 190.600957 2462.871411
28.300000 -58.133268 213.758966 2536.787553
28.400000 -36.757371 231.198947 2612.921180
28.500000 -13.637477 242.226158 2691.338815
28.600000 10.585139 246.317401 2772.108980
28.700000 35.216879 243.141859 2855.302249
28.800000 59.531065 232.576796 2940.991317
28.900000 82.788745 214.717476 3029.251056
29.000000 104.260492 189.880853 3120.158588
29.100000 123.248578 158.602705 3213.793346
29.200000 139.108848 121.628132 3310.237146
29.300000 151.271661 79.895477 3409.574260
29.400000 159.261209 34.513979 3511.891488
29.500000 162.712607 -13.264384 3617.278233
29.600000 161.386168 -62.078166 3725.826580
29.700000 155.178352 -110.494016 3837.631377
29.800000 144.128950 -157.047522 3952.790318
29.900000 128.424198 -200.286207 4071.404028
30.000000 108.395577 -238.813466 4193.576149
30.100000 84.514231 -271.332140 4319.413433
30.200000 57.381017 -296.686409 4449.025836
30.300000 27.712376 -313.900714 4582.526611
30.400000 -3.677696 -322.214427 4720.032410
30.500000 -35.899138 -321.111118 4861.663382
30.600000 -68.010250 -310.341376 5007.543283
30.700000 -99.044388 -289.938301 5157.799582
30.800000 -128.038218 -260.224985 5312.563569
30.900000 -154.060716 -221.813520 5471.970477
31.000000 -176.242068 -175.595305 5636.159591
31.100000 -193.801599 -122.722684 5805.274379
31.200000 -206.073867 -64.582205 5979.462610
31.300000 -212.532088 -2.760045 6158.876488
31.400000 -212.808092 60.999582 6343.672783
31.500000 -206.708134 124.842009 6534.012966
31.600000 -194.223933 186.854450 6730.063355
31.700000 -175.538488 245.121629 6931.995256
31.800000 -151.026325 297.783176 7139.985114
31.900000 -121.248008 343.091073 7354.214667
32.000000 -86.938900 379.465476 7574.871107
32.100000 -48.992353 405.547146 7802.147240
32.200000 -8.437638 420.244852 8036.241657
32.300000 33.586847 422.776143 8277.358907
32.400000 75.864461 412.700089 8525.709674
32.500000 117.134470 389.940750 8781.510965
32.600000 156.128545 354.800409 9044.986294
32.700000 191.608586 307.961846 9316.365882
32.800000 222.404771 250.479270 9595.886859
32.900000 247.452698 183.757839 9883.793465
33.000000 265.828482 109.522029 10180.337269
33.100000 276.780685 29.773485 10485.777387
33.200000 279.758033 -53.260721 10800.380708
33.300000 274.431961 -137.188130 11124.422129
33.400000 260.713148 -219.517719 11458.184793
33.500000 238.761376 -297.731663 11801.960337
33.600000 208.988210 -369.360076 12156.049147
33.700000 172.052202 -432.056539 12520.760622
33.800000 128.846548 -483.672200 12896.413440
33.900000 80.479328 -522.326164 13283.335844
34.000000 28.246712 -546.469963 13681.865919
34.100000 -26.400284 -554.943976 14092.351896
34.200000 -81.894682 -547.023891 14515.152453
34.300000 -136.597071 -522.455486 14950.637027
34.400000 -188.842620 -481.476365 15399.186138
34.500000 -236.990256 -424.823579 15861.191722
34.600000 -279.472614 -353.726502 16337.057474
34.700000 -314.845264 -269.884718 16827.199198
34.800000 -341.833736 -175.431139 17332.045174
34.900000 -359.376850 -72.881018 17852.036529
35.000000 -366.664952 34.932037 18387.627625
35.100000 -363.171748 144.931523 18939.286453
35.200000 -348.678596 253.883047 19507.495047
35.300000 -323.290291 358.486626 20092.749898
35.400000 -287.441629 455.473713 20695.562395
35.500000 -241.894257 541.706202 21316.459267
35.600000 -187.723637 614.274479 21955.983045
35.700000 -126.296189 670.591570 22614.692537
35.800000 -59.237032 708.480427 23293.163313
35.900000 11.611011 726.251536 23991.988212
36.000000 84.236164 722.768233 24711.777859
36.100000 156.512987 697.497384 25453.161194
36.200000 226.262726 650.543488 26216.786030
36.300000 291.317075 582.664670 27003.319611
36.400000 349.583542 495.269548 27813.449199
36.500000 399.110496 390.394485 28647.882675
36.600000 438.149945 270.661336 29507.349156
36.700000 465.216078 139.216353 30392.599630
36.800000 479.137714 -0.348471 31304.407619
36.900000 479.102867 -144.089785 32243.569848
37.000000 464.693888 -287.820645 33210.906943
37.100000 435.911824 -427.228811 34207.264151
37.200000 393.188943 -558.002359 35233.512076
37.300000 337.388707 -675.959041 36290.547438
37.400000 269.792803 -777.175653 37379.293861
37.500000 192.075237 -858.113494 38500.702677
37.600000 106.263888 -915.736065 39655.753758
37.700000 14.690281 -947.615232 40845.456370
37.800000 -80.071242 -952.022316 42070.850061
37.900000 -175.273473 -928.000943 43333.005563
38.000000 -268.073568 -875.418901 44633.025730
38.100000 -355.615458 -794.996831 45972.046502
38.200000 -435.115141 -688.312194 47351.237897
38.300000 -503.946360 -557.777651 48771.805034
38.400000 -559.724126 -406.593743 50234.989185
38.500000 -600.383500 -238.676506 51742.068861
38.600000 -624.251150 -58.561456 53294.360926
38.700000 -630.107296 128.713890 54893.221754
38.800000 -617.235907 317.746078 56540.048407
38.900000 -585.461299 502.916850 58236.279859
39.000000 -535.169614 678.555240 59983.398255
39.100000 -467.314090 839.106124 61782.930203
39.200000 -383.403478 979.300351 63636.448109
39.300000 -285.473443 1094.321395 65545.571552
39.400000 -176.041303 1179.963427 67511.968698
39.500000 -58.044960 1232.775818 69537.357759
39.600000 65.232622 1250.189307 71623.508492
39.700000 190.251552 1230.619520 73772.243747
39.800000 313.313504 1173.544054 75985.441059
39.900000 430.667910 1079.550003 78265.034291
40.000000 538.622910 950.349630 80613.015320
40.100000 633.657873 788.762757 83031.435779
40.200000 712.534149 598.665395 85522.408853
40.300000 772.400688 384.905151 88088.111118
40.400000 810.891203 153.184944 90730.784452
40.500000 826.209698 -90.082417 93452.737986
40.600000 817.201456 -337.945326 96256.350125
40.700000 783.406923 -583.105763 99144.070629
40.800000 725.096347 -818.127840 102118.422748
40.900000 643.283563 -1035.656744 105182.005430
41.000000 539.717889 -1228.641813 108337.495593
41.100000 416.853707 -1390.557180 111587.650461
41.200000 277.797990 -1515.613292 114935.309975
41.300000 126.236660 -1598.952689 118383.399274
41.400000 -33.658609 -1636.823687 121934.931252
41.500000 -197.340977 -1626.726104 125593.009190
41.600000 -360.013588 -1567.523811 129360.829465
41.700000 -516.765969 -1459.519735 133241.684349
41.800000 -662.717942 -1304.489944 137238.964880
41.900000 -793.166937 -1105.674562 141356.163826
42.000000 -903.734393 -867.724481 145596.878741
42.100000 -990.506841 -596.604163 149964.815103
42.200000 -1050.167257 -299.452110 154463.789556
42.300000 -1080.112468 15.598067 159097.733243
42.400000 -1078.552661 339.631807 163870.695240
42.500000 -1044.589481 663.197606 168786.846097
42.600000 -978.269720 976.574450 173850.481480
42.700000 -880.612275 1270.055366 179066.025925
42.800000 -753.606739 1534.239048 184438.036703
42.900000 -600.182834 1760.321070 189971.207804
43.000000 -424.150727 1940.375920 195670.374038
43.100000 -230.113135 2067.621138 201540.515259
43.200000 -23.351021 2136.655079 207586.760717
43.300000 190.314487 2143.660385 213814.393538
43.400000 404.680525 2086.566039 220228.855344
43.500000 613.337129 1965.161881 226835.751005
43.600000 809.853317 1781.160742 233640.853535
43.700000 987.969392 1538.204747 240650.109141
43.800000 1141.789866 1241.813930 247869.642415
43.900000 1265.971259 899.276970 255305.761687
44.000000 1355.898956 519.485592 262964.964538
44.100000 1407.847516 112.715905 270853.943474
44.200000 1419.119106 -309.638350 278979.591778
44.300000 1388.155271 -735.374081 287349.009532
44.400000 1314.617863 -1151.820663 295969.509818
44.500000 1199.435797 -1546.206022 304848.625112
44.600000 1044.815195 -1906.036761 313994.113866
44.700000 854.211518 -2219.481319 323413.967282
44.800000 632.263387 -2475.744775 333116.416300
44.900000 384.688909 -2665.423791 343109.938789
45.000000 118.146530 -2780.830463 353403.266953
45.100000 -159.936516 -2816.274422 364005.394961
45.200000 -441.563959 -2768.293467 374925.586810
45.300000 -718.393305 -2635.824280 386173.384415
45.400000 -981.975733 -2420.306288 397758.615947
45.500000 -1224.006362 -2125.713568 409691.404425
45.600000 -1436.577719 -1758.511660 421982.176558
45.700000 -1612.428885 -1327.538344 434641.671855
45.800000 -1745.182719 -843.809679 447680.952011
45.900000 -1829.563687 -320.254863 461111.410571
46.000000 -1861.589173 228.614243 474944.782888
46.100000 -1838.727749 787.090995 489193.156375
46.200000 -1760.018650 1338.709320 503868.981066
46.300000 -1626.147717 1866.714915 518985.080498
46.400000 -1439.476226 2354.559230 534554.662913
46.500000 -1204.020303 2786.402098 550591.332800
46.600000 -925.380093 3147.608189 567109.102784
46.700000 -610.619274 3425.222217 584122.405868
46.800000 -268.097053 3608.407999 601646.108044
46.900000 92.743747 3688.837115 619695.521285
47.000000 461.627459 3661.013991 638286.416924
47.100000 827.728858 3522.525753 657435.039431
47.200000 1179.981433 3274.207096 677158.120614
47.300000 1507.402143 2920.212666 697472.894233
47.400000 1799.423409 2467.992023 718397.111060
47.500000 2046.222612 1928.165000 739949.054391
47.600000 2239.039112 1314.298217 762147.556023
47.700000 2370.468933 642.586483 785012.012704
47.800000 2434.727582 -68.554197 808562.403085
47.900000 2427.872162 -798.972471 832819.305177
48.000000 2347.974915 -1527.334120 857803.914333
48.100000 2195.241503 -2231.726594 883538.061763
48.200000 1972.068843 -2890.299045 910044.233616
48.300000 1683.038939 -3481.919698 937345.590624
48.400000 1334.846969 -3986.831380 965465.988343
48.500000 936.163831 -4387.285471 994429.997993
48.600000 497.435284 -4668.134620 1024262.927933
48.700000 30.621822 -4817.365205 1054990.845771
48.800000 -451.114698 -4826.551752 1086640.601144
48.900000 -933.769874 -4691.217342 1119239.849178
49.000000 -1402.891608 -4411.086380 1152817.074654
49.100000 -1844.000246 -3990.218898 1187401.616893
49.200000 -2243.022136 -3437.018824 1223023.695400
49.300000 -2586.724018 -2764.112183 1259714.436262
49.400000 -2863.135236 -1988.094978 1297505.899350
49.500000 -3061.944734 -1129.154407 1336431.106331
49.600000 -3174.860175 -210.570987 1376524.069520
49.700000 -3195.917273 741.887066 1417819.821606
49.800000 -3121.728567 1700.662248 1460354.446254
49.900000 -2951.662342 2637.180818 1504165.109642
50.000000 -2687.944260 3522.679521 1549290.092931
50.100000 -2335.676308 4329.062799 1595768.825719
50.200000 -1902.770028 5029.765691 1643641.920491
50.300000 -1399.793459 5600.596700 1692951.208105
50.400000 -839.733789 6020.534737 1743739.774348
50.500000 -237.680316 6272.454874 1796051.997579
50.600000 389.565172 6343.758969 1849933.587506
50.700000 1023.941069 6226.889417 1905431.625131
50.800000 1646.630010 5919.707097 1962594.603885
50.900000 2238.600720 5425.718094 2021472.472002
51.000000 2781.172529 4754.137878 2082116.676162
51.100000 3256.586317 3919.786119 2144580.206447
51.200000 3648.564929 2942.810224 2208917.642640
51.300000 3942.845951 1848.240745 2275185.201920
51.400000 4127.670026 665.386959 2343440.787977
51.500000 4194.208722 -572.914048 2413744.041616
51.600000 4136.917317 -1831.176665 2486156.392865
51.700000 3953.799651 -3072.251860 2560741.114651
51.800000 3646.574465 -4258.391755 2637563.378090
51.900000 3220.735289 -5352.364095 2716690.309433
52.000000 2685.498880 -6318.584681 2798191.048716
52.100000 2053.640411 -7124.234345 2882136.810178
52.200000 1341.216977 -7740.326469 2968600.944483
52.300000 567.184330 -8142.691562 3057659.002817
52.400000 -247.084826 -8312.846861 3149388.802902
52.500000 -1078.369512 -8238.721413 3243870.496989
52.600000 -1902.241653 -7915.210559 3341186.641899
52.700000 -2693.762709 -7344.538063 3441422.271156
52.800000 -3428.216516 -6536.409250 3544664.969290
52.900000 -4081.857441 -5507.944296 3651004.948369
53.000000 -4632.651870 -4283.387063 3760535.126820
53.100000 -5060.990577 -2893.591502 3873351.210625
53.200000 -5350.349727 -1375.294329 3989551.776943
53.300000 -5487.879160 229.810589 4109238.360252
53.400000 -5464.898101 1876.174337 4232515.541059
53.500000 -5277.280667 3515.643767 4359491.037291
53.600000 -4925.716291 5098.827967 4490275.798410
53.700000 -4415.833494 6576.542854 4624984.102362
53.800000 -3758.179208 7901.292902 4763733.655433
53.900000 -2968.049918 9028.746665 4906645.695096
54.000000 -2065.175252 9919.161640 5053845.095949
54.100000 -1073.259088 10538.714216 5205460.478827
54.200000 -19.387666 10860.691942 5361624.323192
54.300000 1066.681528 10866.508242 5522473.082888
54.400000 2153.332352 10546.503784 5688147.305374
54.500000 3207.982731 9900.504078 5858791.754536
54.600000 4198.033139 8938.109259 6034555.537172
54.700000 5091.844064 7678.699317 6215592.233287
54.800000 5859.713996 6151.146098 6402060.030286
54.900000 6474.828606 4393.231899 6594121.861194
55.000000 6914.151796 2450.783317 6791945.547030
55.100000 7159.230128 376.537778 6995703.943441
55.200000 7196.883905 -1771.231260 7205575.091744
55.300000 7019.760779 -3930.296431 7421742.374496
55.400000 6626.731136 -6036.224665 7644394.675731
55.500000 6023.108670 -8024.244006 7873726.546003
55.600000 5220.684269 -9831.176607 8109938.372383
55.700000 4237.566608 -11397.381888 8353236.553555
55.800000 3097.828420 -12668.651870 8603833.680161
55.900000 1830.963233 -13598.000396 8861948.720566
56.000000 471.163193 -14147.289366 9127807.212183
56.100000 -943.565744 -14288.638324 9401641.458549
56.200000 -2372.429576 -14005.568601 9683690.732305
56.300000 -3772.986436 -13293.839728 9974201.484274
56.400000 -5102.370409 -12161.943797 10273427.558803
56.500000 -6318.564789 -10631.232675 10581630.415567
56.600000 -7381.688056 -8735.663238 10899079.358034
56.700000 -8255.254380 -6521.156821 11226051.768775
56.800000 -8907.370062 -4044.580507 11562833.351838
56.900000 -9311.828113 -1372.369489 11909718.382393
57.000000 -9449.065062 1421.178945 12267009.963865
57.100000 -9306.947167 4255.898464 12635020.292781
57.200000 -8881.357321 7047.982614 13014070.931564
57.300000 -8176.559059 9712.389810 13404493.089511
57.400000 -7205.320078 12165.357528 13806627.912196
57.500000 -5988.784325 14326.953551 14220826.779562
57.600000 -4556.088970 16123.588849 14647451.612949
57.700000 -2943.730085 17490.415540 15086875.191338
57.800000 -1194.688531 18373.534566 15539481.477078
57.900000 642.664925 18731.941125 16005665.951390
58.000000 2515.859038 18539.141648 16485835.959932
58.100000 4369.773202 17784.383936 16980411.068730
58.200000 6148.211596 16473.451976 17489823.430792
58.300000 7795.556794 14628.988497 18014518.163716
58.400000 9258.455643 12290.321459 18554953.738627
58.500000 10487.487789 9512.784766 19111602.380786
58.600000 11438.766266 6366.538429 19684950.482209
58.700000 12075.420109 2934.908549 20275499.026676
58.800000 12368.910963 -687.717483 20883764.027476
58.900000 12300.139215 -4398.390772 21510276.978300
59.000000 11860.300138 -8088.432537 22155585.317649
59.100000 11051.456884 -11646.522578 22820252.907179
59.200000 9886.804626 -14961.959643 23504860.524394
59.300000 8390.608662 -17928.001031 24210006.370126
59.400000 6597.808559 -20445.183630 24936306.591230
59.500000 4553.290196 -22424.526198 25684395.818967
59.600000 2310.837576 -23790.513256 26454927.723536
59.700000 -68.213749 -24483.764529 27248575.585242
59.800000 -2516.590202 -24463.300405 28066032.882799
59.900000 -4962.920243 -23708.323344 28908013.899283
60.000000 -7333.752577 -22219.447271 29775254.346261
60.100000 -9555.697304 -20019.321498 30668512.006649
60.200000 -11557.629454 -17152.612306 31588567.396849
60.300000 -13272.890685 -13685.323470 32536224.448754
60.400000 -14641.423032 -9703.456265 33512311.212217
60.500000 -15611.768658 -5311.029355 34517680.578583
60.600000 -16142.871594 -627.498758 35553211.025941
60.700000 -16205.621470 4215.362720 36619807.386719
60.800000 -15784.085198 9077.049161 37718401.638320
60.900000 -14876.380281 13812.274720 38849953.717470
61.000000 -13495.152809 18275.188805 40015452.358994
61.100000 -11667.633929 22323.734648 41215915.959764
61.200000 -9435.260464 25824.024826 42452393.468557
61.300000 -6852.857981 28654.602966 43725965.302614
61.400000 -3987.397685 30710.460360 45037744.291692
61.500000 -916.351649 31906.679665 46388876.650443
61.600000 2274.316318 32181.585160 47780542.979956
61.700000 5492.474834 31499.290265 49213959.299355
61.800000 8642.403860 29851.547815 50690378.108335
61.900000 11627.558642 27258.826657 52211089.481585
62.000000 14353.441307 23770.559064 53777422.196033
62.100000 16730.497214 19464.526672 55390744.891914
62.200000 18676.949881 14445.377508 57052467.268671
62.300000 20121.487632 8842.292544 58764041.316732
62.400000 21005.716886 2805.846254 60526962.586234
62.500000 21286.301511 -3495.868812 62342771.493821
62.600000 20936.714630 -9881.759265 64213054.668635
62.700000 19948.538704 -16162.773654 66139446.338694
62.800000 18332.261338 -22147.335265 68123629.758855
62.900000 16117.527812 -27647.013667 70167338.681621
63.000000 13352.826445 -32482.272010 72272358.872069
63.100000 10104.599244 -36488.119944 74440529.668231
63.200000 6455.787250 -39519.499717 76673745.588278
63.300000 2503.837278 -41456.235892 78973957.985927
63.400000 -1641.786311 -42207.387076 81343176.755505
63.500000 -5862.525019 -41714.851182 83783472.088170
63.600000 -10034.010137 -39956.093677 86296976.280815
63.700000 -14029.619505 -36945.890635 88885885.599239
63.800000 -17724.208568 -32737.004784 91552462.197216
63.900000 -20997.909047 -27419.742214 94299036.093133
64.000000 -23739.883268 -21120.369500 97128007.205927
64.100000 -25851.920218 -13998.404519 100041847.452105
64.200000 -27251.760670 -6242.828454 103043102.905668
64.300000 -27876.043515 1932.699747 106134396.022838
64.400000 -27682.773541 10295.512802 109318427.933523
64.500000 -26653.222260 18600.344864 112597980.801529
64.600000 -24793.187774 26596.311542 115975920.255575
64.700000 -22133.556620 34034.267874 119455197.893242
64.800000 -18730.129832 40674.334860 123038853.860039
64.900000 -14662.696346 46293.373810 126730019.505840
65.000000 -10033.358965 50692.182714 130531920.121015
65.100000 -4964.140694 53702.190403 134447877.754646
65.200000 406.078346 55191.432612 138481314.117285
65.300000 5925.221607 55069.609108 142635753.570804
65.400000 11432.182518 53292.042625 146914826.207928
65.500000 16761.386781 49862.387870 151322271.024166
65.600000 21747.625568 44833.971836 155861939.184891
65.700000 26231.022751 38309.684165 160537797.390437
65.800000 30061.991168 30440.377340 165353931.342150
65.900000 33106.028902 21421.779990 170314549.312415
66.000000 35248.206901 11489.971319 175423985.821787
66.100000 36397.204033 915.509249 180686705.426441
66.200000 36488.754958 -10003.651961 186107306.619234
66.300000 35488.389761 -20950.278448 191690525.847811
66.400000 33393.361917 -31596.795377 197441241.653246
66.500000 30233.682379 -41614.803952 203364478.932843
66.600000 26072.201984 -50684.908665 209465413.330828
66.700000 21003.711117 -58506.569261 215749375.760753
66.800000 15153.054191 -64807.682596 222221857.063576
66.900000 8672.285932 -69353.598853 228888512.805483
67.000000 1736.926046 -71955.284633 235755168.219648
67.100000 -5458.602417 -72476.362447 242827823.296237
67.200000 -12706.238662 -70838.781721 250112658.025124
67.300000 -19790.116834 -67026.910123 257616037.795878
67.400000 -26492.807846 -61089.875073 265344518.959754
67.500000 -32601.795353 -53142.032719 273304854.558547
67.600000 -37915.998625 -43361.494113 281504000.225303
67.700000 -42252.148037 -31986.694525 289949120.262062
67.800000 -45450.817489 -19311.050114 298647593.899924
67.900000 -47381.922501 -5675.804868 307607021.746922
68.000000 -47949.502987 8538.771882 316835232.429329
68.100000 -47095.625799 22923.622779 326340289.432209
68.200000 -44803.263521 37052.310518 336130498.145176
68.300000 -41098.032469 50493.289575 346214413.119531
68.400000 -36048.703512 62822.699315 356600845.543117
68.500000 -29766.433580 73637.310369 367298870.939410
68.600000 -22402.702543 82567.240443 378317837.097593
68.700000 -14145.978499 89288.051206 389667372.240520
68.800000 -5217.173379 93531.844756 401357393.437736
68.900000 4136.011097 95096.996769 413398115.270868
69.000000 13645.710774 93856.193440 425800058.758994
69.100000 23031.330118 89762.480208 438574060.551764
69.200000 32007.578139 82853.081173 451731282.398317
69.300000 40292.886256 73250.807731 465283220.900266
69.400000 47617.967029 61162.941854 479241717.557274
69.500000 53734.261215 46877.551745 493618969.113993
69.600000 58422.016389 30757.273381 508427538.217412
69.700000 61497.743727 13230.668464 523680364.393935
69.800000 62820.810574 -5218.654654 539390775.355753
69.900000 62298.945108 -24064.897826 555572498.646425
70.000000 59892.455326 -42754.581359 572239673.635818
70.100000 55616.997190 -60722.317956 589406863.874893
70.200000 49544.765394 -77407.417113 607089069.821139
70.300000 41804.023683 -92270.846732 625301741.945773
70.400000 32576.939010 -104812.053836 644060794.234147
70.500000 22095.733626 -114585.135539 663382618.091171
70.600000 10637.220072 -121213.855627 683284096.663906
70.700000 -1484.165491 -124405.021649 703782619.593824
70.800000 -13924.667655 -123959.772002 724896098.211638
70.900000 -26320.644856 -119782.371705 746642981.187987
71.000000 -38298.882026 -111886.178248 769042270.653627
71.100000 -49487.499851 -100396.513641 792113538.803236
71.200000 -59527.151215 -85550.263685 815876944.997333
71.300000 -68082.177584 -67692.118321 840353253.377253
71.400000 -74851.389416 -47267.465046 865563851.008570
71.500000 -79578.135920 -24812.048221 891530766.568828
71.600000 -82059.340742 -938.607445 918276689.595892
71.700000 -82153.201487 23679.194778 945824990.313769
71.800000 -79785.282009 48325.155224 974199740.053182
71.900000 -74952.766487 72260.739826 1003425732.284778
72.000000 -67726.692504 94746.569772 1033528504.283321
72.100000 -58252.035527 115064.577524 1064534359.441821
72.200000 -46745.577774 132540.188182 1096470390.255075
72.300000 -33491.558956 146563.861514 1129364501.992728
72.400000 -18835.172805 156611.329201 1163245437.082509
72.500000 -3174.039885 162261.881042 1198142800.224985
72.600000 13052.148219 163214.093008 1234087084.261734
72.700000 29373.557520 159298.448542 1271109696.819586
72.800000 45303.402374 150486.381286 1309242987.754174
72.900000 60352.040503 136895.360573 1348520277.416799
73.000000 74041.576560 118789.748423 1388975885.769303
73.100000 85920.551403 96577.275454 1430645162.372382
73.200000 95578.278948 70801.110034 1473564517.273553
73.300000 102658.389951 42127.626349 1517771452.821760
73.400000 106871.152586 11330.109364 1563304596.436413
73.500000 108004.163523 -20731.236412 1610203734.359505
73.600000 105931.039882 -53132.485469 1658509846.420291
73.700000 100617.791335 -84911.797433 1708265141.842900
73.800000 92126.611591 -115097.134834 1759513096.128187
73.900000 80616.898108 -142735.118311 1812298489.042032
74.000000 66343.386277 -166920.187743 1866667443.743293
74.100000 49651.367502 -186823.203627 1922667467.085592
74.200000 30969.047140 -201718.613877 1980347491.128160
74.300000 10797.185752 -211009.328019 2039757915.892005
74.400000 -10303.747050 -214248.483745 2100950653.398765
74.500000 -31728.595424 -211157.359630 2163979173.030728
74.600000 -52844.331387 -201638.781003 2228898548.251650
74.700000 -73008.209488 -185785.481586 2295765504.729199
74.800000 -91586.757646 -163883.018740 2364638469.901075
74.900000 -107975.059520 -136406.991446 2435577624.028107
75.000000 -121615.758665 -104014.473590 2508644952.778951
75.100000 -132017.206024 -67529.745991 2583904301.392319
75.200000 -138770.180623 -27924.584184 2661421430.464089
75.300000 -141562.639041 13706.470003 2741264073.408012
75.400000 -140191.992041 56175.261716 2823501995.640252
75.500000 -134574.465869 98232.859328 2908207055.539459
75.600000 -124751.179937 138605.199089 2995453267.235642
75.700000 -110890.660028 176030.553070 3085316865.282712
75.800000 -93287.604721 209297.751078 3177876371.271193
75.900000 -72357.829613 237284.032494 3273212662.439330
76.000000 -48629.426364 258991.381378 3371409042.342509
76.100000 -22730.288226 273580.209287 3472551313.642784
76.200000 4627.732703 280399.295755 3576727853.082067
76.300000 32667.662279 279010.975944 3684029688.704529
76.400000 60568.759873 269210.677261 3794550579.395665
76.500000 87489.827599 251040.049299 3908387096.807536
76.600000 112593.832529 224793.101019 4025638709.741762
76.700000 135073.142631 191014.951260 4146407871.064015
76.800000 154174.637757 150493.008471 4270800107.225935
76.900000 169223.938604 104240.617144 4398924110.472713
77.000000 179648.000318 53473.435563 4530891833.816895
77.100000 184995.343875 -420.964533 4666818588.861403
77.200000 184953.247421 -55919.567695 4806823146.557244
77.300000 179361.290652 -111405.541921 4951027840.983962
77.400000 168220.736460 -165213.929117 5099558676.243481
77.500000 151699.343548 -215680.150055 5252545436.560785
77.600000 130131.328543 -261189.953119 5410121799.687608
77.700000 104012.333231 -300229.351682 5572425453.708237
77.800000 73989.398062 -331433.051651 5739598217.349483
77.900000 40846.092897 -353629.871070 5911786163.899968
78.000000 5483.105790 -365883.698939 6089139748.846967
78.100000 -31105.264104 -367528.630676 6271813941.342376
78.200000 -67858.127171 -358197.051445 6459968359.612646
78.300000 -103677.832316 -337839.613294 6653767410.431025
78.400000 -137461.793645 -306736.263599 6853380432.773956
78.500000 -168135.420005 -265497.725505 7058981845.787177
78.600000 -194685.192556 -215057.099504 7270751301.190792
78.700000 -216190.902506 -156651.541737 7488873840.256516
78.800000 -231856.056680 -91794.270986 7713540055.494211
78.900000 -241035.483778 -22237.453982 7944946257.189038
79.000000 -243259.229176 50073.191152 8183294644.934709
79.100000 -238251.910061 123050.959905 8428793484.312751
79.200000 -225946.814071 194526.532923 8681657288.872133
79.300000 -206494.160778 262310.577144 8942107007.568298
79.400000 -180263.103064 324258.825378 9210370217.825348
79.500000 -147837.220526 378337.756297 9486681324.390108
79.600000 -110003.444896 422688.922455 9771281764.151814
79.700000 -67734.552651 455689.955924 10064420217.106367
79.800000 -22165.557059 476010.321719 10366352823.649557
79.900000 25435.475113 482659.988837 10677343408.389044
80.000000 73701.473997 475029.346303 10997663710.670715
80.100000 121204.408627 452918.904104 11327593622.020836
80.200000 166496.299038 416557.581515 11667421430.711462
80.300000 208152.057189 366608.691804 12017444073.662806
80.400000 244812.926370 304163.074647 12377967395.902691
80.500000 275229.233834 230719.196737 12749306417.809772
80.600000 298301.153508 148150.426586 13131785610.374065
80.700000 313116.196167 58660.080534 13525739178.715284
80.800000 318982.204220 -35274.778316 13931511354.106749
80.900000 315454.726388 -130969.439582 14349456694.759949
81.000000 302357.782430 -225605.857499 14779940395.632746
81.100000 279797.196680 -316313.192228 15223338607.531731
81.200000 248165.877458 -400252.351232 15680038765.787687
81.300000 208140.642334 -474702.114469 16150439928.791315
81.400000 160670.430887 -537144.307169 16634953126.685053
81.500000 106956.000171 -585345.436436 17134001720.515606
81.600000 48421.456527 -617432.236487 17648021772.161072
81.700000 -13321.767122 -631958.673445 18177462425.355907
81.800000 -76517.634466 -627962.143308 18722786298.146580
81.900000 -139313.848797 -605006.852968 19284469887.120983
82.000000 -199814.534094 -563212.698329 19863003983.764614
82.100000 -256135.803927 -503268.338101 20458894103.307552
82.200000 -306462.637737 -426427.596923 21072660926.436779
82.300000 -349105.397429 -334488.805602 21704840754.259888
82.400000 -382554.277989 -229757.186373 22355985976.917683
82.500000 -405529.996627 -114990.902976 23026665556.255215
82.600000 -417029.086924 6668.096012 23717465522.972870
82.700000 -416362.277323 131776.822089 24428989488.692059
82.800000 -403184.595114 256685.505286 25161859173.382824
82.900000 -377516.044586 377640.883820 25916714948.614304
83.000000 -339751.956204 490895.697196 26694216397.102726
83.100000 -290662.386484 592821.284057 27495042889.045811
83.200000 -231380.258078 680020.000002 28319894175.747189
83.300000 -163378.258078 749434.077426 29169491001.049595
83.400000 -88434.850336 798447.554849 30044575731.111088
83.500000 -8590.094851 824978.009950 30945913003.074417
83.600000 73907.706144 827555.038405 31874290393.196651
83.700000 156663.209985 805382.726562 32830519105.022556
83.800000 237201.482641 758383.763566 33815434678.203236
83.900000 313039.858998 687223.318774 34829897718.579323
84.000000 381762.190875 593311.361075 35874794650.166710
84.100000 441093.326983 478782.703812 36951038489.701706
84.200000 488971.597364 346454.705718 38059569644.422760
84.300000 523617.067936 199763.226508 39201356733.785446
84.400000 543593.390586 42678.106128 40377397435.829010
84.500000 547861.201199 -120399.911048 41588719358.933876
84.600000 535821.210094 -284758.271408 42836380939.731895
84.700000 507345.382954 -445504.634436 44121472367.953850
84.800000 462794.919510 -597708.249322 45445116539.022469
84.900000 403024.094578 -736546.725175 46808470035.223145
85.000000 329369.422060 -857453.953549 48212724136.309837
85.100000 243624.026705 -956264.780167 49659105860.429131
85.200000 147997.548689 -1029351.988178 51148879036.271996
85.300000 45062.349871 -1073751.252785 52683345407.390167
85.400000 -62312.775408 -1087269.957746 54263845769.641853
85.500000 -171039.771182 -1068576.125124 55891761142.761108
85.600000 -277897.383695 -1017264.193769 57568513977.073944
85.700000 -379623.803071 -933894.978661 59295569396.416168
85.800000 -473013.300938 -820007.837739 61074436478.338654
85.900000 -555014.084711 -678103.847458 62906669572.718819
86.000000 -622824.469457 -511599.622045 64793869659.930374
86.100000 -673984.431662 -324752.281207 66737685749.758278
86.200000 -706459.659782 -122556.951709 68739816322.281021
86.300000 -718715.354953 89380.946226 70802010811.979462
86.400000 -709777.260331 304995.552712 72926071136.368851
86.500000 -679277.705060 517928.730811 75113853270.489914
86.600000 -627484.831978 721712.042329 77367268868.634613
86.700000 -555313.627746 909957.491923 79688286934.723648
86.800000 -464317.878553 1076551.580246 82078935542.795349
86.900000 -356662.720529 1215846.943812 84541303609.109222
87.000000 -235078.026147 1322845.759971 87077542717.412491
87.100000 -102793.450150 1393369.167815 89689868998.964859
87.200000 36543.466631 1424207.202860 92380565068.963806
87.300000 178964.186917 1413244.162871 95151982021.062729
87.400000 320288.603204 1359554.906796 98006541481.724625
87.500000 456244.093884 1263468.325834 100946737726.206360
87.600000 582590.926467 1126595.097669 103975139858.022552
87.700000 695250.436234 951817.819729 107094394053.793213
87.800000 790432.218207 743242.688859 110307225875.437012
87.900000 864756.487093 506113.023397 113616442651.730087
88.000000 915367.789433 246686.077269 117024935931.311996
88.100000 940036.397160 -27924.259561 120535684009.281357
88.200000 937243.971203 -309935.178709 124151754529.589798
88.300000 906250.453333 -591108.370070 127876307165.507507
88.400000 847139.616326 -862983.506070 131712596380.502731
88.500000 760841.265719 -1117125.390967 135663974271.947800
88.600000 649128.726622 -1345377.770683 139733893500.136261
88.700000 514590.949554 -1540116.388669 143925910305.170349
88.800000 360579.310687 -1694493.673536 148243687614.355438
88.900000 191129.943333 -1802667.466742 152690998242.816132
89.000000 10863.196659 -1860006.449741 157271728190.130585
89.100000 -175137.448315 -1863265.408739 161989880035.864502
89.200000 -361463.989189 -1810724.174245 166849576436.970428
89.300000 -542536.406614 -1702284.977488 171855063730.109558
89.400000 -712764.904362 -1539524.055504 177010715642.042847
89.500000 -866717.309913 -1325694.584195 182321037111.334106
89.600000 -999286.768332 -1065679.391221 187790668224.704132
89.700000 -1105854.707454 -765893.360722 193424388271.475250
89.800000 -1182444.043527 -434136.948485 199227119919.649506
89.900000 -1225857.738375 -79403.735427 205203933517.269012
90.000000 -1233798.111918 288353.586085 211360051522.817078
90.100000 -1204962.753309 658493.019660 217700853068.531647
90.200000 -1139113.451343 1019981.845653 224231878660.617554
90.300000 -1037115.266778 1361715.881056 230958835020.466095
90.400000 -900943.678672 1672850.461090 237887600071.110077
90.500000 -733658.632563 1943133.564691 245024228073.273407
90.600000 -539345.276094 2163231.154460 252374954915.501587
90.700000 -323022.160648 2325034.737289 259946203562.996674
90.800000 -90518.686919 2421941.385483 267744589669.916595
90.900000 151675.451629 2449096.991559 275776927360.044128
91.000000 396585.150785 2403594.356070 284050235180.875427
91.100000 636944.586392 2284618.810835 292571742236.331604
91.200000 865406.467475 2093535.434917 301348894503.451599
91.300000 1074760.010967 1833913.494674 310389361338.585144
91.400000 1258151.360435 1511485.491384 319701042178.772644
91.500000 1409299.909573 1134040.083254 329292073444.165771
91.600000 1522703.917898 711250.110382 339170835647.520813
91.700000 1593828.928937 254438.935013 349345960716.976440
91.800000 1619272.822438 -223709.743668 359826339538.515686
91.900000 1596901.848071 -709491.590400 370621129724.701233
92.000000 1525952.689031 -1188562.144821 381739763616.472229
92.100000 1407096.474549 -1646347.951530 393191956524.996399
92.200000 1242461.679396 -2068476.893895 404987715220.776306
92.300000 1035613.990006 -2441215.397714 417137346677.429626
92.400000 791492.450235 -2751899.594716 429651467077.782593
92.500000 516302.490763 -2989347.329786 442541011090.146057
92.600000 217367.757785 -3144238.077015 455817241422.880432
92.700000 -97056.049917 -3209448.404351 469491758665.596924
92.800000 -418000.890352 -3180331.589376 483576511425.594910
92.900000 -736034.049289 -3054931.322270 498083806768.392761
93.000000 -1041527.181516 -2834121.107483 513026320971.474426
93.100000 -1324939.292265 -2521662.953028 528417110600.648804
93.200000 -1577105.587567 -2124181.165349 544269623918.698303
93.300000 -1789523.704102 -1651049.489079 560597712636.289062
93.400000 -1954628.653010 -1114192.377848 577415644015.407837
93.500000 -2066047.890795 -527803.781945 594738113335.900024
93.600000 -2118828.268990 92010.585294 612580256736.007202
93.700000 -2109627.210460 727659.065990 630957664438.117554
93.800000 -2036861.303861 1360547.229128 649886394371.290894
93.900000 -1900806.580948 1971605.620287 669382986202.459717
94.000000 -1703646.018920 2541847.594571 689464475788.563599
94.100000 -1449461.259463 3052941.400247 710148410062.250366
94.200000 -1144167.119438 3487779.778086 731452862364.148071
94.300000 -795389.141629 3831029.913917 753396448235.102417
94.400000 -412286.150237 4069646.656406 775998341682.185669
94.500000 -5321.484597 4193332.501477 799278291932.681152
94.600000 414011.765551 4194928.946856 823256640690.691772
94.700000 833504.660237 4070725.417191 847954339911.442261
94.800000 1240577.201956 3820674.019120 873392970108.815674
94.900000 1622644.603868 3448500.858533 899594759212.110107
95.000000 1967494.689721 2961707.477373 926582601988.503418
95.100000 2263665.437458 2371459.070457 954380080048.188354
95.200000 2500811.344504 1692359.439219 983011482449.663940
95.300000 2670047.288426 942116.035868 1012501826923.184082
95.400000 2764258.892013 141101.849340 1042876881730.909424
95.500000 2778369.076947 -688175.818263 1074163188182.866699
95.600000 2709551.495120 -1521686.541347 1106388083828.382812
95.700000 2557382.840986 -2334551.989884 1139579726343.264160
95.800000 2323927.641997 -3101766.842179 1173767118133.592041
95.900000 2013750.957779 -3798945.134778 1208980131677.629883
96.000000 1633856.444302 -4403070.422112 1245249535627.989014
96.100000 1193549.402090 -4893227.355403 1282607021696.858398
96.200000 704226.666550 -5251292.176030 1321085232347.793945
96.300000 179097.448947 -5462560.175995 1360717789318.258057
96.400000 -367158.568652 -5516289.410679 1401539322997.835693
96.500000 -918787.509720 -5406141.840083 1443585502687.800781
96.600000 -1459401.693729 -5130505.587167 1486893067768.464600
96.700000 -1972452.252445 -4692685.079049 1531499859801.548584
96.800000 -2441720.760350 -4100949.403315 1577444855595.625000
96.900000 -2851815.700682 -3368433.175210 1624768201263.523682
97.000000 -3188659.018203 -2512888.465005 1673511247301.459473
97.100000 -3439947.864703 -1556290.759545 1723716584720.533691
97.200000 -3595576.940658 -524306.400134 1775428082262.179688
97.300000 -3648007.580671 554366.682064 1828690924730.074463
97.400000 -3592570.912465 1648768.956265 1883551652472.007080
97.500000 -3427694.016838 2726540.230004 1940058202046.197510
97.600000 -3155039.993838 3754848.435056 1998259948107.613281
97.700000 -2779555.150332 4701360.433207 2058207746550.871338
97.800000 -2309419.107011 5535226.978307 2119953978947.427490
97.900000 -1755896.409181 6228052.710410 2183552598315.880371
98.000000 -1133091.138140 6754821.633165 2249059176265.386719
98.100000 -457608.974823 7094748.974606 2316530951553.378418
98.200000 251865.922637 7232031.667053 2386026880100.009277
98.300000 975069.089343 7156471.890262 2457607686503.039551
98.400000 1690716.278369 6863951.163459 2531335917098.160156
98.500000 2377111.394715 6356736.279949 2607275994611.135742
98.600000 3012785.022710 5643602.861534 2685494274449.499512
98.700000 3577145.308863 4739767.354721 2766059102683.015137
98.800000 4051122.044335 3666623.762062 2849040875763.535156
98.900000 4417784.420542 2451287.148762 2934512102036.470703
99.000000 4662913.135418 1125951.822599 3022547465097.595215
99.100000 4775508.317678 -272922.118026 3113223889050.552734
99.200000 4748216.105875 -1705574.613329 3206620605722.100098
99.300000 4577658.644542 -3130039.445092 3302819223893.792480
99.400000 4264654.700033 -4503337.038454 3401903800610.635742
99.500000 3814320.996188 -5782733.448464 3503960914628.984863
99.600000 3236047.651341 -6927029.747321 3609079742067.884277
99.700000 2543344.676609 -7897844.042723 3717352134329.950195
99.800000 1753560.272337 -8660847.445706 3828872698359.878418
99.900000 887475.527766 -9186915.527407 3943738879310.704590
100.000000 -31216.024975 -9453158.185737 4062051045690.055176
