#Posizione iniziale=2.000000
#Velocita' iniziale=1.000000
#Pulsazione al quadrato=3.000000
#Tempo massimo di integrazione=100.000000
#Passo di tempo=0.050000
#E' stato utilizzato l'algoritmo Leap Frog
#Legenda
#1:t 2:x 3:v 4:dE
0 2.000000 0.850000 0
0.050000 2.042500 0.696813 -0.417684
0.100000 2.069681 0.388399 -0.413404
0.150000 2.081340 0.077072 -0.408992
0.200000 2.077388 -0.234832 -0.404581
0.250000 2.057857 -0.544976 -0.400302
0.300000 2.022891 -0.851032 -0.396283
0.350000 1.972753 -1.150705 -0.392646
0.400000 1.907820 -1.441748 -0.389498
0.450000 1.828579 -1.721978 -0.386935
0.500000 1.735623 -1.989293 -0.385032
0.550000 1.629649 -2.241689 -0.383848
0.600000 1.511454 -2.477271 -0.383416
0.650000 1.381922 -2.694274 -0.383751
0.700000 1.242026 -2.891071 -0.384842
0.750000 1.092815 -3.066184 -0.386657
0.800000 0.935408 -3.218300 -0.389141
0.850000 0.770985 -3.346280 -0.392219
0.900000 0.600780 -3.449162 -0.395801
0.950000 0.426069 -3.526176 -0.399777
1.000000 0.248162 -3.576743 -0.404030
1.050000 0.068395 -3.600485 -0.408432
1.100000 -0.111886 -3.597223 -0.412851
1.150000 -0.291328 -3.566982 -0.417155
1.200000 -0.468584 -3.509989 -0.421215
1.250000 -0.642327 -3.426670 -0.424910
1.300000 -0.811251 -3.317652 -0.428128
1.350000 -0.974092 -3.183751 -0.430773
1.400000 -1.129627 -3.025972 -0.432767
1.450000 -1.276689 -2.845499 -0.434049
1.500000 -1.414176 -2.643684 -0.434582
1.550000 -1.541057 -2.422041 -0.434348
1.600000 -1.656381 -2.182233 -0.433356
1.650000 -1.759281 -1.926059 -0.431634
1.700000 -1.848986 -1.655439 -0.429235
1.750000 -1.924825 -1.372403 -0.426230
1.800000 -1.986227 -1.079074 -0.422710
1.850000 -2.032732 -0.777652 -0.418779
1.900000 -2.063992 -0.470398 -0.414555
1.950000 -2.079772 -0.159616 -0.410165
2.000000 -2.079954 0.152364 -0.405741
2.050000 -2.064536 0.463200 -0.401414
2.100000 -2.033633 0.770563 -0.397314
2.150000 -1.987479 1.072147 -0.393565
2.200000 -1.926419 1.365689 -0.390278
2.250000 -1.850910 1.648989 -0.387552
2.300000 -1.761520 1.919921 -0.385468
2.350000 -1.658918 2.176454 -0.384089
2.400000 -1.543875 2.416663 -0.383456
2.450000 -1.417252 2.638748 -0.383588
2.500000 -1.280000 2.841042 -0.384481
2.550000 -1.133148 3.022028 -0.386109
2.600000 -0.977797 3.180349 -0.388422
2.650000 -0.815113 3.314817 -0.391351
2.700000 -0.646315 3.424424 -0.394810
2.750000 -0.472670 3.508348 -0.398693
2.800000 -0.295481 3.565959 -0.402885
2.850000 -0.116075 3.596826 -0.407260
2.900000 0.064202 3.600716 -0.411688
2.950000 0.243997 3.577601 -0.416035
3.000000 0.421962 3.527654 -0.420172
3.050000 0.596762 3.451250 -0.423974
3.100000 0.767087 3.348961 -0.427328
3.150000 0.931659 3.221555 -0.430134
3.200000 1.089243 3.069988 -0.432307
3.250000 1.238657 2.895395 -0.433782
3.300000 1.378782 2.699087 -0.434515
3.350000 1.508566 2.482536 -0.434484
3.400000 1.627036 2.247366 -0.433691
3.450000 1.733303 1.995341 -0.432158
3.500000 1.826570 1.728350 -0.429932
3.550000 1.906138 1.448397 -0.427080
3.600000 1.971410 1.157581 -0.423686
3.650000 2.021896 0.858083 -0.419852
3.700000 2.057218 0.552150 -0.415694
3.750000 2.077111 0.242075 -0.411336
3.800000 2.081425 -0.069815 -0.406907
3.850000 2.070129 -0.381182 -0.402542
3.900000 2.043307 -0.689690 -0.398370
3.950000 2.001160 -0.993025 -0.394517
4.000000 1.944005 -1.288912 -0.391097
4.050000 1.872269 -1.575133 -0.388214
4.100000 1.786491 -1.849540 -0.385953
4.150000 1.687315 -2.110075 -0.384383
4.200000 1.575484 -2.354785 -0.383549
4.250000 1.451837 -2.581834 -0.383478
4.300000 1.317301 -2.789519 -0.384172
4.350000 1.172885 -2.976283 -0.385609
4.400000 1.019672 -3.140725 -0.387747
4.450000 0.858812 -3.281611 -0.390521
4.500000 0.691511 -3.397886 -0.393849
4.550000 0.519024 -3.488676 -0.397630
4.600000 0.342644 -3.553301 -0.401752
4.650000 0.163694 -3.591276 -0.406092
4.700000 -0.016484 -3.602317 -0.410518
4.750000 -0.196538 -3.586340 -0.414900
4.800000 -0.375118 -3.543466 -0.419105
4.850000 -0.550885 -3.474016 -0.423007
4.900000 -0.722520 -3.378510 -0.426490
4.950000 -0.888736 -3.257666 -0.429450
5.000000 -1.048286 -3.112390 -0.431797
5.050000 -1.199975 -2.943770 -0.433462
5.100000 -1.342663 -2.753072 -0.434395
5.150000 -1.475282 -2.541726 -0.434567
5.200000 -1.596836 -2.311317 -0.433974
5.250000 -1.706414 -2.063574 -0.432634
5.300000 -1.803193 -1.800353 -0.430585
5.350000 -1.886449 -1.523630 -0.427891
5.400000 -1.955556 -1.235480 -0.424631
5.450000 -2.009997 -0.938063 -0.420903
5.500000 -2.049363 -0.633611 -0.416819
5.550000 -2.073358 -0.324407 -0.412501
5.600000 -2.081803 -0.012770 -0.408079
5.650000 -2.074635 0.298963 -0.403684
5.700000 -2.051907 0.608454 -0.399448
5.750000 -2.013790 0.913381 -0.395499
5.800000 -1.960569 1.211458 -0.391954
5.850000 -1.892644 1.500449 -0.388920
5.900000 -1.810524 1.778186 -0.386487
5.950000 -1.714825 2.042587 -0.384728
6.000000 -1.606265 2.291669 -0.383696
6.050000 -1.485658 2.523564 -0.383423
6.100000 -1.353909 2.736531 -0.383915
6.150000 -1.212005 2.928975 -0.385158
6.200000 -1.061012 3.099451 -0.387116
6.250000 -0.902060 3.246681 -0.389729
6.300000 -0.736343 3.369562 -0.392919
6.350000 -0.565104 3.467170 -0.396591
6.400000 -0.389626 3.538775 -0.400635
6.450000 -0.211227 3.583839 -0.404929
6.500000 -0.031242 3.602024 -0.409346
6.550000 0.148976 3.593194 -0.413752
6.600000 0.328077 3.557415 -0.418016
6.650000 0.504717 3.494956 -0.422010
6.700000 0.677572 3.406284 -0.425615
6.750000 0.845346 3.292065 -0.428723
6.800000 1.006779 3.153156 -0.431240
6.850000 1.160661 2.990598 -0.433091
6.900000 1.305839 2.805610 -0.434221
6.950000 1.441222 2.599580 -0.434596
7.000000 1.565797 2.374054 -0.434205
7.050000 1.678628 2.130722 -0.433059
7.100000 1.778869 1.871410 -0.431193
7.150000 1.865769 1.598062 -0.428663
7.200000 1.938675 1.312729 -0.425544
7.250000 1.997042 1.017550 -0.421929
7.300000 2.040430 0.714740 -0.417928
7.350000 2.068516 0.406569 -0.413660
7.400000 2.081087 0.095349 -0.409252
7.450000 2.078050 -0.216587 -0.404837
7.500000 2.059428 -0.526898 -0.400546
7.550000 2.025361 -0.833257 -0.396509
7.600000 1.976103 -1.133367 -0.392846
7.650000 1.912024 -1.424976 -0.389667
7.700000 1.833605 -1.705898 -0.387067
7.750000 1.741434 -1.974026 -0.385124
7.800000 1.636202 -2.227349 -0.383896
7.850000 1.518699 -2.463967 -0.383420
7.900000 1.389806 -2.682104 -0.383710
7.950000 1.250489 -2.880127 -0.384758
8.000000 1.101793 -3.056548 -0.386531
8.050000 0.944834 -3.210045 -0.388978
8.100000 0.780789 -3.339466 -0.392024
8.150000 0.610887 -3.443842 -0.395579
8.200000 0.436404 -3.522389 -0.399535
8.250000 0.258648 -3.574518 -0.403776
8.300000 0.078953 -3.599838 -0.408173
8.350000 -0.101335 -3.598159 -0.412594
8.400000 -0.280863 -3.569495 -0.416909
8.450000 -0.458285 -3.514058 -0.420987
8.500000 -0.632269 -3.432267 -0.424705
8.550000 -0.801511 -3.324733 -0.427954
8.600000 -0.964742 -3.192264 -0.430636
8.650000 -1.120738 -3.035853 -0.432669
8.700000 -1.268328 -2.856673 -0.433995
8.750000 -1.406405 -2.656068 -0.434572
8.800000 -1.533935 -2.435543 -0.434383
8.850000 -1.649960 -2.196751 -0.433434
8.900000 -1.753610 -1.941483 -0.431754
8.950000 -1.844108 -1.671654 -0.429393
9.000000 -1.920775 -1.389288 -0.426421
9.050000 -1.983037 -1.096502 -0.422928
9.100000 -2.030425 -0.795493 -0.419018
9.150000 -2.062586 -0.488517 -0.414808
9.200000 -2.079277 -0.177877 -0.410425
9.250000 -2.080374 0.134097 -0.405998
9.300000 -2.065867 0.445065 -0.401662
9.350000 -2.035867 0.752695 -0.397546
9.400000 -1.990598 1.054680 -0.393773
9.450000 -1.930399 1.348755 -0.390456
9.500000 -1.855722 1.632714 -0.387694
9.550000 -1.767128 1.904427 -0.385571
9.600000 -1.665280 2.161858 -0.384149
9.650000 -1.550942 2.403075 -0.383472
9.700000 -1.424972 2.626268 -0.383559
9.750000 -1.288315 2.829765 -0.384408
9.800000 -1.141996 3.012038 -0.385994
9.850000 -0.987111 3.171721 -0.388269
9.900000 -0.824824 3.307616 -0.391164
9.950000 -0.656350 3.418704 -0.394594
10.000000 -0.482953 3.504152 -0.398456
10.050000 -0.305935 3.563318 -0.402633
10.100000 -0.126621 3.595760 -0.407001
10.150000 0.053642 3.601234 -0.411429
10.200000 0.233502 3.579698 -0.415785
10.250000 0.411611 3.531314 -0.419937
10.300000 0.586633 3.456446 -0.423763
10.350000 0.757256 3.355654 -0.427146
10.400000 0.922199 3.229695 -0.429986
10.450000 1.080225 3.079513 -0.432198
10.500000 1.230150 2.906235 -0.433716
10.550000 1.370849 2.711160 -0.434493
10.600000 1.501266 2.495752 -0.434507
10.650000 1.620424 2.261625 -0.433758
10.700000 1.727429 2.010536 -0.432268
10.750000 1.821478 1.744368 -0.430081
10.800000 1.901866 1.465117 -0.427263
10.850000 1.967989 1.174878 -0.423898
10.900000 2.019353 0.875827 -0.420087
10.950000 2.055572 0.570208 -0.415945
11.000000 2.076374 0.260312 -0.411594
11.050000 2.081603 -0.051536 -0.407166
11.100000 2.071221 -0.362998 -0.402794
11.150000 2.045304 -0.671737 -0.398607
11.200000 2.004047 -0.975439 -0.394732
11.250000 1.947760 -1.271824 -0.391284
11.300000 1.876864 -1.558671 -0.388366
11.350000 1.791893 -1.833828 -0.386067
11.400000 1.693482 -2.095231 -0.384455
11.450000 1.582369 -2.340920 -0.383577
11.500000 1.459390 -2.569052 -0.383461
11.550000 1.325464 -2.777916 -0.384111
11.600000 1.181598 -2.965945 -0.385505
11.650000 1.028870 -3.131730 -0.387603
11.700000 0.868425 -3.274028 -0.390342
11.750000 0.701467 -3.391769 -0.393640
11.800000 0.529248 -3.484073 -0.397398
11.850000 0.353060 -3.550246 -0.401504
11.900000 0.174223 -3.589792 -0.405834
11.950000 -0.005920 -3.602415 -0.410259
12.000000 -0.186018 -3.588020 -0.414647
12.050000 -0.364722 -3.546714 -0.418865
12.100000 -0.540690 -3.478809 -0.422789
12.150000 -0.712602 -3.384812 -0.426300
12.200000 -0.879171 -3.265429 -0.429292
12.250000 -1.039145 -3.121555 -0.431678
12.300000 -1.191326 -2.954270 -0.433384
12.350000 -1.334572 -2.764827 -0.434361
12.400000 -1.467809 -2.554649 -0.434578
12.450000 -1.590037 -2.325310 -0.434030
12.500000 -1.700340 -2.078532 -0.432732
12.550000 -1.797890 -1.816165 -0.430724
12.600000 -1.881956 -1.540176 -0.428065
12.650000 -1.951908 -1.252636 -0.424836
12.700000 -2.007220 -0.955702 -0.421133
12.750000 -2.047478 -0.651599 -0.417066
12.800000 -2.072380 -0.342610 -0.412758
12.850000 -2.081739 -0.031051 -0.408338
12.900000 -2.075485 0.280741 -0.403938
12.950000 -2.053665 0.590427 -0.399690
13.000000 -2.016442 0.895685 -0.395720
13.050000 -1.964096 1.194225 -0.392148
13.100000 -1.897020 1.483809 -0.389081
13.150000 -1.815716 1.762264 -0.386611
13.200000 -1.720793 2.027502 -0.384811
13.250000 -1.612965 2.277534 -0.383736
13.300000 -1.493040 2.510485 -0.383417
13.350000 -1.361917 2.724607 -0.383865
13.400000 -1.220579 2.918294 -0.385065
13.450000 -1.070087 3.090094 -0.386983
13.500000 -0.911570 3.238718 -0.389559
13.550000 -0.746216 3.363052 -0.392718
13.600000 -0.575265 3.462163 -0.396365
13.650000 -0.399999 3.535308 -0.400390
13.700000 -0.221734 3.581938 -0.404673
13.750000 -0.041806 3.601703 -0.409086
13.800000 0.138436 3.594456 -0.413497
13.850000 0.317640 3.560250 -0.417773
13.900000 0.494461 3.499343 -0.421786
13.950000 0.667574 3.412190 -0.425417
14.000000 0.835680 3.299446 -0.428556
14.050000 0.997519 3.161956 -0.431110
14.100000 1.151876 3.000751 -0.433002
14.150000 1.297594 2.817041 -0.434176
14.200000 1.433580 2.612203 -0.434595
14.250000 1.558814 2.387773 -0.434249
14.300000 1.672357 2.145436 -0.433147
14.350000 1.773358 1.887007 -0.431321
14.400000 1.861058 1.614426 -0.428828
14.450000 1.934800 1.329736 -0.425741
14.500000 1.994032 1.035074 -0.422153
14.550000 2.038308 0.732648 -0.418171
14.600000 2.067297 0.424728 -0.413915
14.650000 2.080781 0.113622 -0.409512
14.700000 2.078659 -0.198336 -0.405093
14.750000 2.060947 -0.508806 -0.400792
14.800000 2.027778 -0.815460 -0.396737
14.850000 1.979401 -1.115999 -0.393049
14.900000 1.916178 -1.408167 -0.389839
14.950000 1.838584 -1.689775 -0.387202
15.000000 1.747201 -1.958708 -0.385219
15.050000 1.642713 -2.212952 -0.383948
15.100000 1.525906 -2.450598 -0.383427
15.150000 1.397654 -2.669865 -0.383672
15.200000 1.258919 -2.869108 -0.384676
15.250000 1.110743 -3.046833 -0.386408
15.300000 0.954236 -3.201706 -0.388817
15.350000 0.790572 -3.332567 -0.391831
15.400000 0.620979 -3.438433 -0.395358
15.450000 0.446729 -3.518511 -0.399295
15.500000 0.269128 -3.572201 -0.403522
15.550000 0.089509 -3.599098 -0.407913
15.600000 -0.090782 -3.599003 -0.412337
15.650000 -0.270392 -3.571915 -0.416661
15.700000 -0.447973 -3.518038 -0.420756
15.750000 -0.622195 -3.437775 -0.424500
15.800000 -0.791751 -3.331729 -0.427779
15.850000 -0.955368 -3.200695 -0.430496
15.900000 -1.111820 -3.045656 -0.432569
15.950000 -1.259934 -2.867774 -0.433937
16.000000 -1.398598 -2.668384 -0.434559
16.050000 -1.526772 -2.448982 -0.434415
16.100000 -1.643496 -2.211212 -0.433510
16.150000 -1.747893 -1.956857 -0.431872
16.200000 -1.839182 -1.687827 -0.429549
16.250000 -1.916676 -1.406137 -0.426611
16.300000 -1.979795 -1.113902 -0.423145
16.350000 -2.028066 -0.813312 -0.419257
16.400000 -2.061127 -0.506623 -0.415061
16.450000 -2.078729 -0.196134 -0.410684
16.500000 -2.080740 0.115826 -0.406256
16.550000 -2.067146 0.426918 -0.401911
16.600000 -2.038048 0.734807 -0.397779
16.650000 -1.993665 1.037186 -0.393982
16.700000 -1.934330 1.331785 -0.390636
16.750000 -1.860487 1.616397 -0.387839
16.800000 -1.772690 1.888885 -0.385677
16.850000 -1.671598 2.147207 -0.384212
16.900000 -1.557969 2.389424 -0.383491
16.950000 -1.432656 2.613721 -0.383533
17.000000 -1.296597 2.818415 -0.384338
17.050000 -1.150814 3.001971 -0.385882
17.100000 -0.996400 3.163012 -0.388118
17.150000 -0.834513 3.300330 -0.390979
17.200000 -0.666367 3.412896 -0.394380
17.250000 -0.493223 3.499866 -0.398220
17.300000 -0.316381 3.560586 -0.402382
17.350000 -0.137165 3.594602 -0.406742
17.400000 0.043080 3.601658 -0.411171
17.450000 0.223001 3.581702 -0.415534
17.500000 0.401250 3.534883 -0.419702
17.550000 0.576489 3.461553 -0.423550
17.600000 0.747405 3.362261 -0.426962
17.650000 0.912715 3.237752 -0.429836
17.700000 1.071180 3.088960 -0.432087
17.750000 1.221611 2.917000 -0.433647
17.800000 1.362880 2.723163 -0.434468
17.850000 1.493928 2.508903 -0.434528
17.900000 1.613771 2.275825 -0.433823
17.950000 1.721510 2.025679 -0.432375
18.000000 1.816339 1.760341 -0.430227
18.050000 1.897544 1.481799 -0.427444
18.100000 1.964519 1.192145 -0.424108
18.150000 2.016759 0.893549 -0.420321
18.200000 2.053873 0.588252 -0.416194
18.250000 2.075584 0.278542 -0.411853
18.300000 2.081728 -0.033256 -0.407426
18.350000 2.072258 -0.344805 -0.403046
18.400000 2.047247 -0.653768 -0.398845
18.450000 2.006882 -0.957828 -0.394948
18.500000 1.951464 -1.254704 -0.391472
18.550000 1.881411 -1.542169 -0.388521
18.600000 1.797247 -1.818069 -0.386183
18.650000 1.699604 -2.080333 -0.384529
18.700000 1.589214 -2.326994 -0.383608
18.750000 1.466905 -2.556203 -0.383447
18.800000 1.333594 -2.766240 -0.384052
18.850000 1.190281 -2.955531 -0.385403
18.900000 1.038041 -3.122655 -0.387462
18.950000 0.878015 -3.266359 -0.390165
19.000000 0.711405 -3.385566 -0.393433
19.050000 0.539459 -3.479381 -0.397167
19.100000 0.363467 -3.547100 -0.401256
19.150000 0.184749 -3.588216 -0.405576
19.200000 0.004645 -3.602421 -0.410000
19.250000 -0.175493 -3.589607 -0.414393
19.300000 -0.354316 -3.549872 -0.418625
19.350000 -0.530480 -3.483512 -0.422569
19.400000 -0.702667 -3.391026 -0.426107
19.450000 -0.869583 -3.273107 -0.429133
19.500000 -1.029977 -3.130640 -0.431556
19.550000 -1.182647 -2.964693 -0.433304
19.600000 -1.326447 -2.776511 -0.434325
19.650000 -1.460298 -2.567505 -0.434587
19.700000 -1.583197 -2.339243 -0.434083
19.750000 -1.694222 -2.093437 -0.432828
19.800000 -1.792541 -1.831929 -0.430860
19.850000 -1.877415 -1.556683 -0.428238
19.900000 -1.948209 -1.269761 -0.425039
19.950000 -2.004391 -0.973316 -0.421361
20.000000 -2.045541 -0.669571 -0.417312
20.050000 -2.071349 -0.360804 -0.413015
20.100000 -2.081621 -0.049331 -0.408598
20.150000 -2.076282 0.262511 -0.404193
20.200000 -2.055370 0.572385 -0.399932
20.250000 -2.019043 0.877966 -0.395943
20.300000 -1.967573 1.176962 -0.392345
20.350000 -1.901347 1.467131 -0.389246
20.400000 -1.820860 1.746297 -0.386738
20.450000 -1.726717 2.012365 -0.384897
20.500000 -1.619624 2.263341 -0.383778
20.550000 -1.500383 2.497341 -0.383415
20.600000 -1.369890 2.712612 -0.383818
20.650000 -1.229122 2.907538 -0.384975
20.700000 -1.079136 3.080657 -0.386851
20.750000 -0.921056 3.230671 -0.389391
20.800000 -0.756069 3.356456 -0.392519
20.850000 -0.585411 3.457067 -0.396140
20.900000 -0.410362 3.531750 -0.400146
20.950000 -0.232236 3.579945 -0.404417
21.000000 -0.052368 3.601290 -0.408826
21.050000 0.127893 3.595625 -0.413241
21.100000 0.307195 3.562994 -0.417528
21.150000 0.484193 3.503640 -0.421560
21.200000 0.657559 3.418008 -0.425217
21.250000 0.825993 3.306742 -0.428388
21.300000 0.988233 3.170675 -0.430978
21.350000 1.143061 3.010828 -0.432911
21.400000 1.289316 2.828400 -0.434127
21.450000 1.425901 2.624758 -0.434592
21.500000 1.551792 2.401431 -0.434290
21.550000 1.666044 2.160094 -0.433232
21.600000 1.767801 1.902555 -0.431447
21.650000 1.856300 1.630748 -0.428991
21.700000 1.930876 1.346710 -0.425937
21.750000 1.990971 1.052571 -0.422375
21.800000 2.036133 0.750538 -0.418413
21.850000 2.066024 0.442877 -0.414169
21.900000 2.080421 0.131893 -0.409771
21.950000 2.079214 -0.180079 -0.405350
22.000000 2.062413 -0.490701 -0.401038
22.050000 2.030144 -0.797643 -0.396965
22.100000 1.982648 -1.098602 -0.393253
22.150000 1.920283 -1.391322 -0.390012
22.200000 1.843516 -1.673607 -0.387339
22.250000 1.752923 -1.943340 -0.385316
22.300000 1.649182 -2.198498 -0.384002
22.350000 1.533073 -2.437167 -0.383437
22.400000 1.405465 -2.657558 -0.383637
22.450000 1.267317 -2.858016 -0.384597
22.500000 1.119664 -3.037040 -0.386288
22.550000 0.963613 -3.193286 -0.388659
22.600000 0.800335 -3.325582 -0.391639
22.650000 0.631055 -3.432936 -0.395139
22.700000 0.457042 -3.514543 -0.399055
22.750000 0.279601 -3.569791 -0.403268
22.800000 0.100062 -3.598266 -0.407654
22.850000 -0.080226 -3.599754 -0.412079
22.900000 -0.259913 -3.574243 -0.416413
22.950000 -0.437650 -3.521926 -0.420525
23.000000 -0.612106 -3.443194 -0.424292
23.050000 -0.781970 -3.338639 -0.427601
23.100000 -0.945969 -3.209043 -0.430354
23.150000 -1.102874 -3.055380 -0.432467
23.200000 -1.251507 -2.878801 -0.433878
23.250000 -1.390754 -2.680632 -0.434543
23.300000 -1.519571 -2.462357 -0.434445
23.350000 -1.636990 -2.225615 -0.433584
23.400000 -1.742132 -1.972181 -0.431988
23.450000 -1.834208 -1.703956 -0.429703
23.500000 -1.912528 -1.422951 -0.426798
23.550000 -1.976503 -1.131273 -0.423361
23.600000 -2.025655 -0.831111 -0.419494
23.650000 -2.059614 -0.524716 -0.415313
23.700000 -2.078127 -0.214386 -0.410943
23.750000 -2.081053 0.097553 -0.406515
23.800000 -2.068371 0.408760 -0.402161
23.850000 -2.040177 0.716901 -0.398013
23.900000 -1.996681 1.019665 -0.394194
23.950000 -1.938210 1.314782 -0.390818
24.000000 -1.865203 1.600038 -0.387986
24.050000 -1.778207 1.873294 -0.385785
24.100000 -1.677874 2.132500 -0.384278
24.150000 -1.564957 2.375712 -0.383512
24.200000 -1.440302 2.601107 -0.383509
24.250000 -1.304846 2.806993 -0.384270
24.300000 -1.159603 2.991826 -0.385771
24.350000 -1.005663 3.154221 -0.387969
24.400000 -0.844181 3.292960 -0.390796
24.450000 -0.676367 3.407001 -0.394168
24.500000 -0.503481 3.495489 -0.397985
24.550000 -0.326818 3.557762 -0.402131
24.600000 -0.147705 3.593351 -0.406484
24.650000 0.032517 3.601990 -0.410912
24.700000 0.212494 3.583614 -0.415283
24.750000 0.390878 3.538362 -0.419466
24.800000 0.566330 3.466571 -0.423335
24.850000 0.737535 3.368781 -0.426776
24.900000 0.903208 3.245725 -0.429684
24.950000 1.062108 3.098326 -0.431974
25.000000 1.213041 2.927690 -0.433575
25.050000 1.354877 2.735096 -0.434441
25.100000 1.486551 2.521989 -0.434545
25.150000 1.607076 2.289967 -0.433885
25.200000 1.715548 2.040771 -0.432479
25.250000 1.811153 1.776268 -0.430371
25.300000 1.893174 1.498444 -0.427623
25.350000 1.960997 1.209381 -0.424317
25.400000 2.014112 0.911248 -0.420553
25.450000 2.052122 0.606280 -0.416443
25.500000 2.074740 0.296765 -0.412110
25.550000 2.081798 -0.014975 -0.407685
25.600000 2.073243 -0.326603 -0.403299
25.650000 2.049138 -0.635782 -0.399084
25.700000 2.009665 -0.940192 -0.395166
25.750000 1.955119 -1.237551 -0.391662
25.800000 1.885910 -1.525628 -0.388678
25.850000 1.802556 -1.802263 -0.386302
25.900000 1.705683 -2.065381 -0.384606
25.950000 1.596018 -2.313008 -0.383641
26.000000 1.474383 -2.543288 -0.383435
26.050000 1.341689 -2.754494 -0.383995
26.100000 1.198933 -2.945040 -0.385304
26.150000 1.047185 -3.113499 -0.387323
26.200000 0.887583 -3.258607 -0.389991
26.250000 0.721324 -3.379275 -0.393228
26.300000 0.549656 -3.474599 -0.396938
26.350000 0.373865 -3.543863 -0.401009
26.400000 0.195269 -3.586548 -0.405319
26.450000 0.015210 -3.602334 -0.409740
26.500000 -0.164964 -3.591102 -0.414139
26.550000 -0.343900 -3.552937 -0.418384
26.600000 -0.520258 -3.488125 -0.422348
26.650000 -0.692713 -3.397153 -0.425913
26.700000 -0.859973 -3.280701 -0.428972
26.750000 -1.020783 -3.139644 -0.431432
26.800000 -1.173937 -2.975040 -0.433221
26.850000 -1.318287 -2.788124 -0.434285
26.900000 -1.452750 -2.580296 -0.434593
26.950000 -1.576317 -2.353116 -0.434133
27.000000 -1.688061 -2.108287 -0.432922
27.050000 -1.787145 -1.847647 -0.430994
27.100000 -1.872826 -1.573149 -0.428408
27.150000 -1.944460 -1.286853 -0.425241
27.200000 -2.001511 -0.990905 -0.421588
27.250000 -2.043551 -0.687525 -0.417558
27.300000 -2.070264 -0.378989 -0.413272
27.350000 -2.081450 -0.067611 -0.408858
27.400000 -2.077025 0.244275 -0.404448
27.450000 -2.057022 0.554329 -0.400175
27.500000 -2.021592 0.860225 -0.396167
27.550000 -1.971000 1.159669 -0.392543
27.600000 -1.905625 1.450416 -0.389412
27.650000 -1.825958 1.730285 -0.386867
27.700000 -1.732597 1.997176 -0.384986
27.750000 -1.626241 2.249089 -0.383823
27.800000 -1.507688 2.484134 -0.383415
27.850000 -1.377827 2.700547 -0.383773
27.900000 -1.237633 2.896707 -0.384887
27.950000 -1.088157 3.071141 -0.386723
28.000000 -0.930519 3.222542 -0.389226
28.050000 -0.765902 3.349773 -0.392321
28.100000 -0.595542 3.451881 -0.395916
28.150000 -0.420714 3.528101 -0.399903
28.200000 -0.242731 3.577859 -0.404162
28.250000 -0.062928 3.600784 -0.408567
28.300000 0.117347 3.596702 -0.412984
28.350000 0.296742 3.565646 -0.417283
28.400000 0.473911 3.507847 -0.421333
28.450000 0.647527 3.423739 -0.425015
28.500000 0.816285 3.313953 -0.428217
28.550000 0.978922 3.179312 -0.430844
28.600000 1.134217 3.020827 -0.432817
28.650000 1.281005 2.839685 -0.434077
28.700000 1.418185 2.637246 -0.434586
28.750000 1.544729 2.415027 -0.434329
28.800000 1.659688 2.174696 -0.433314
28.850000 1.762199 1.918055 -0.431571
28.900000 1.851493 1.647028 -0.429152
28.950000 1.926902 1.363648 -0.426131
29.000000 1.987858 1.070041 -0.422596
29.050000 2.033906 0.768409 -0.418654
29.100000 2.064699 0.461014 -0.414424
29.150000 2.080007 0.150161 -0.410031
29.200000 2.079715 -0.161819 -0.405607
29.250000 2.063825 -0.472584 -0.401286
29.300000 2.032457 -0.779805 -0.397195
29.350000 1.985845 -1.081178 -0.393458
29.400000 1.924339 -1.374442 -0.390187
29.450000 1.848401 -1.657397 -0.387479
29.500000 1.758599 -1.927922 -0.385416
29.550000 1.655608 -2.183988 -0.384059
29.600000 1.540200 -2.423673 -0.383449
29.650000 1.413241 -2.645181 -0.383604
29.700000 1.275682 -2.846851 -0.384520
29.750000 1.128556 -3.027168 -0.386169
29.800000 0.972965 -3.184783 -0.388502
29.850000 0.810078 -3.318511 -0.391449
29.900000 0.641114 -3.427350 -0.394922
29.950000 0.467343 -3.510484 -0.398816
30.000000 0.290066 -3.567290 -0.403016
30.050000 0.110614 -3.597341 -0.407394
30.100000 -0.069668 -3.600412 -0.411821
30.150000 -0.249428 -3.576480 -0.416164
30.200000 -0.427316 -3.525724 -0.420293
30.250000 -0.602000 -3.448525 -0.424083
30.300000 -0.772169 -3.345463 -0.427422
30.350000 -0.936546 -3.217309 -0.430209
30.400000 -1.093900 -3.065026 -0.432362
30.450000 -1.243049 -2.889754 -0.433815
30.500000 -1.382875 -2.692810 -0.434525
30.550000 -1.512330 -2.475670 -0.434472
30.600000 -1.630442 -2.239962 -0.433655
30.650000 -1.736326 -1.987454 -0.432101
30.700000 -1.829187 -1.720041 -0.429855
30.750000 -1.908330 -1.439727 -0.426984
30.800000 -1.973160 -1.148615 -0.423575
30.850000 -2.023192 -0.848889 -0.419730
30.900000 -2.058049 -0.542796 -0.415564
30.950000 -2.077471 -0.232632 -0.411202
31.000000 -2.081312 0.079277 -0.406773
31.050000 -2.069543 0.390591 -0.402412
31.100000 -2.042253 0.698976 -0.398248
31.150000 -1.999646 1.002118 -0.394406
31.200000 -1.942041 1.297745 -0.391001
31.250000 -1.869871 1.583638 -0.388136
31.300000 -1.783677 1.857654 -0.385895
31.350000 -1.684106 2.117738 -0.384346
31.400000 -1.571904 2.361939 -0.383536
31.450000 -1.447912 2.588425 -0.383488
31.500000 -1.313061 2.795498 -0.384205
31.550000 -1.168362 2.981605 -0.385664
31.600000 -1.014901 3.145350 -0.387822
31.650000 -0.853827 3.285504 -0.390614
31.700000 -0.686350 3.401017 -0.393957
31.750000 -0.513726 3.491023 -0.397751
31.800000 -0.337248 3.554846 -0.401881
31.850000 -0.158241 3.592008 -0.406225
31.900000 0.021953 3.602229 -0.410653
31.950000 0.201982 3.585434 -0.415030
32.000000 0.380496 3.541748 -0.419228
32.050000 0.556157 3.471499 -0.423119
32.100000 0.727646 3.375214 -0.426588
32.150000 0.893678 3.253615 -0.429530
32.200000 1.053008 3.107613 -0.431858
32.250000 1.204440 2.938305 -0.433501
32.300000 1.346838 2.746959 -0.434411
32.350000 1.479136 2.535011 -0.434560
32.400000 1.600339 2.304050 -0.433944
32.450000 1.709541 2.055809 -0.432582
32.500000 1.805920 1.792150 -0.430513
32.550000 1.888756 1.515049 -0.427800
32.600000 1.957425 1.226586 -0.424524
32.650000 2.011414 0.928923 -0.420784
32.700000 2.050317 0.624293 -0.416691
32.750000 2.073843 0.314981 -0.412368
32.800000 2.081816 0.003306 -0.407944
32.850000 2.074174 -0.308393 -0.403552
32.900000 2.050976 -0.617779 -0.399324
32.950000 2.012396 -0.922532 -0.395385
33.000000 1.958723 -1.220366 -0.391854
33.050000 1.890360 -1.509047 -0.388836
33.100000 1.807818 -1.786411 -0.386423
33.150000 1.711718 -2.050376 -0.384686
33.200000 1.602781 -2.298963 -0.383677
33.250000 1.481822 -2.530308 -0.383426
33.300000 1.349750 -2.742676 -0.383942
33.350000 1.207555 -2.934474 -0.385207
33.400000 1.056302 -3.104263 -0.387186
33.450000 0.897128 -3.250771 -0.389818
33.500000 0.731225 -3.372897 -0.393024
33.550000 0.559838 -3.469727 -0.396709
33.600000 0.384253 -3.540534 -0.400762
33.650000 0.205785 -3.584787 -0.405062
33.700000 0.025774 -3.602154 -0.409480
33.750000 -0.154430 -3.592504 -0.413884
33.800000 -0.333476 -3.555911 -0.418142
33.850000 -0.510021 -3.492649 -0.422126
33.900000 -0.682741 -3.403192 -0.425717
33.950000 -0.850341 -3.288211 -0.428808
34.000000 -1.011562 -3.148568 -0.431306
34.050000 -1.165197 -2.985311 -0.433136
34.100000 -1.310094 -2.799664 -0.434244
34.150000 -1.445164 -2.593020 -0.434596
34.200000 -1.569395 -2.366928 -0.434181
34.250000 -1.681857 -2.123084 -0.433013
34.300000 -1.781704 -1.863317 -0.431126
34.350000 -1.868188 -1.589575 -0.428576
34.400000 -1.940661 -1.303911 -0.425441
34.450000 -1.998579 -1.008468 -0.421813
34.500000 -2.041508 -0.705462 -0.417802
34.550000 -2.069126 -0.397164 -0.413527
34.600000 -2.081225 -0.085888 -0.409117
34.650000 -2.077714 0.226033 -0.404704
34.700000 -2.058621 0.536258 -0.400420
34.750000 -2.024089 0.842461 -0.396392
34.800000 -1.974375 1.142346 -0.392742
34.850000 -1.909854 1.433663 -0.389580
34.900000 -1.831009 1.714228 -0.386999
34.950000 -1.738431 1.981936 -0.385076
35.000000 -1.632815 2.234779 -0.383871
35.050000 -1.514953 2.470862 -0.383418
35.100000 -1.385729 2.688413 -0.383731
35.150000 -1.246112 2.885801 -0.384801
35.200000 -1.097149 3.061546 -0.386596
35.250000 -0.939957 3.214329 -0.389062
35.300000 -0.775716 3.343004 -0.392125
35.350000 -0.605657 3.446607 -0.395693
35.400000 -0.431055 3.524361 -0.399660
35.450000 -0.253221 3.575681 -0.403907
35.500000 -0.073487 3.600185 -0.408307
35.550000 0.106797 3.597686 -0.412728
35.600000 0.286281 3.568205 -0.417037
35.650000 0.463618 3.511963 -0.421105
35.700000 0.637478 3.429381 -0.424811
35.750000 0.806556 3.321078 -0.428044
35.800000 0.969585 3.187868 -0.430707
35.850000 1.125343 3.030748 -0.432720
35.900000 1.272660 2.850898 -0.434023
35.950000 1.410433 2.649666 -0.434577
36.000000 1.537627 2.428561 -0.434365
36.050000 1.653289 2.189243 -0.433394
36.100000 1.756551 1.933505 -0.431692
36.150000 1.846639 1.663265 -0.429312
36.200000 1.922878 1.380552 -0.426323
36.250000 1.984694 1.087484 -0.422815
36.300000 2.031626 0.786260 -0.418894
36.350000 2.063320 0.479139 -0.414677
36.400000 2.079540 0.168424 -0.410290
36.450000 2.080163 -0.143553 -0.405865
36.500000 2.065185 -0.454455 -0.401534
36.550000 2.034717 -0.761947 -0.397426
36.600000 1.988990 -1.063725 -0.393665
36.650000 1.928345 -1.357525 -0.390364
36.700000 1.853237 -1.641144 -0.387620
36.750000 1.764230 -1.912454 -0.385517
36.800000 1.661992 -2.169421 -0.384118
36.850000 1.547288 -2.410117 -0.383463
36.900000 1.420980 -2.632737 -0.383574
36.950000 1.284015 -2.835612 -0.384446
37.000000 1.137419 -3.017219 -0.386053
37.050000 0.982293 -3.176197 -0.388348
37.100000 0.819799 -3.311354 -0.391261
37.150000 0.651157 -3.421676 -0.394706
37.200000 0.477632 -3.506335 -0.398578
37.250000 0.300524 -3.564697 -0.402763
37.300000 0.121162 -3.596323 -0.407135
37.350000 -0.059109 -3.600977 -0.411563
37.400000 -0.238936 -3.578624 -0.415914
37.450000 -0.416971 -3.529431 -0.420059
37.500000 -0.591879 -3.453767 -0.423872
37.550000 -0.762348 -3.352200 -0.427241
37.600000 -0.927099 -3.225492 -0.430063
37.650000 -1.084897 -3.074592 -0.432255
37.700000 -1.234558 -2.900633 -0.433750
37.750000 -1.374960 -2.704919 -0.434505
37.800000 -1.505050 -2.488918 -0.434496
37.850000 -1.623852 -2.254251 -0.433724
37.900000 -1.730475 -2.002676 -0.432211
37.950000 -1.824120 -1.736082 -0.430004
38.000000 -1.904083 -1.456466 -0.427168
38.050000 -1.969766 -1.165928 -0.423788
38.100000 -2.020676 -0.866645 -0.419966
38.150000 -2.056431 -0.560862 -0.415815
38.200000 -2.076762 -0.250872 -0.411460
38.250000 -2.081518 0.060999 -0.407032
38.300000 -2.070662 0.372412 -0.402663
38.350000 -2.044277 0.681033 -0.398484
38.400000 -2.002559 0.984546 -0.394620
38.450000 -1.945822 1.280674 -0.391187
38.500000 -1.874492 1.567198 -0.388287
38.550000 -1.789102 1.841967 -0.386008
38.600000 -1.690295 2.102922 -0.384417
38.650000 -1.578810 2.348105 -0.383563
38.700000 -1.455484 2.575677 -0.383470
38.750000 -1.321242 2.783931 -0.384142
38.800000 -1.177091 2.971306 -0.385559
38.850000 -1.024112 3.136397 -0.387677
38.900000 -0.863452 3.277964 -0.390434
38.950000 -0.696315 3.394947 -0.393748
39.000000 -0.523957 3.486467 -0.397518
39.050000 -0.347669 3.551839 -0.401632
39.100000 -0.168773 3.590572 -0.405967
39.150000 0.011388 3.602376 -0.410393
39.200000 0.191465 3.587162 -0.414778
39.250000 0.370105 3.545044 -0.418989
39.300000 0.545969 3.476339 -0.422902
39.350000 0.717739 3.381561 -0.426398
39.400000 0.884125 3.261421 -0.429374
39.450000 1.043881 3.116820 -0.431740
39.500000 1.195807 2.948844 -0.433425
39.550000 1.338765 2.758751 -0.434379
39.600000 1.471682 2.547967 -0.434573
39.650000 1.593562 2.318074 -0.434001
39.700000 1.703490 2.070795 -0.432681
39.750000 1.800641 1.807985 -0.430652
39.800000 1.884288 1.531616 -0.427975
39.850000 1.953803 1.243759 -0.424730
39.900000 2.008664 0.946574 -0.421014
39.950000 2.048460 0.642290 -0.416939
40.000000 2.072893 0.333188 -0.412625
40.050000 2.081779 0.021588 -0.408204
40.100000 2.075052 -0.290175 -0.403806
40.150000 2.052762 -0.599761 -0.399565
40.200000 2.015076 -0.904848 -0.395605
40.250000 1.962277 -1.203150 -0.392047
40.300000 1.894761 -1.492428 -0.388997
40.350000 1.813034 -1.770512 -0.386546
40.400000 1.717709 -2.035318 -0.384768
40.450000 1.609502 -2.284859 -0.383715
40.500000 1.489224 -2.517263 -0.383420
40.550000 1.357776 -2.730788 -0.383890
40.600000 1.216145 -2.923832 -0.385113
40.650000 1.065393 -3.094948 -0.387051
40.700000 0.906650 -3.242851 -0.389647
40.750000 0.741108 -3.366433 -0.392822
40.800000 0.570007 -3.464766 -0.396482
40.850000 0.394631 -3.537114 -0.400517
40.900000 0.216295 -3.582933 -0.404806
40.950000 0.036338 -3.601881 -0.409221
41.000000 -0.143893 -3.593814 -0.413629
41.050000 -0.323044 -3.558794 -0.417899
41.100000 -0.499772 -3.497083 -0.421902
41.150000 -0.672752 -3.409144 -0.425520
41.200000 -0.840687 -3.295636 -0.428643
41.250000 -1.002316 -3.157410 -0.431178
41.300000 -1.156428 -2.995505 -0.433049
41.350000 -1.301866 -2.811133 -0.434200
41.400000 -1.437541 -2.605677 -0.434596
41.450000 -1.562434 -2.380679 -0.434227
41.500000 -1.675609 -2.137826 -0.433102
41.550000 -1.776216 -1.878939 -0.431255
41.600000 -1.863503 -1.605960 -0.428743
41.650000 -1.936812 -1.320936 -0.425639
41.700000 -1.995596 -1.026006 -0.422037
41.750000 -2.039413 -0.723380 -0.418045
41.800000 -2.067934 -0.415329 -0.413783
41.850000 -2.080946 -0.104163 -0.409377
41.900000 -2.078351 0.207784 -0.404960
41.950000 -2.060168 0.518173 -0.400665
42.000000 -2.026533 0.824676 -0.396619
42.050000 -1.977700 1.124993 -0.392944
42.100000 -1.914034 1.416873 -0.389750
42.150000 -1.836013 1.698127 -0.387132
42.200000 -1.744221 1.966644 -0.385170
42.250000 -1.639348 2.220412 -0.383921
42.300000 -1.522180 2.457527 -0.383423
42.350000 -1.393596 2.676210 -0.383692
42.400000 -1.254559 2.874821 -0.384718
42.450000 -1.106113 3.051872 -0.386472
42.500000 -0.949372 3.206033 -0.388900
42.550000 -0.785510 3.336149 -0.391931
42.600000 -0.615757 3.441244 -0.395472
42.650000 -0.441386 3.520530 -0.399419
42.700000 -0.263704 3.573412 -0.403653
42.750000 -0.084044 3.599493 -0.408047
42.800000 0.096245 3.598578 -0.412470
42.850000 0.275813 3.570673 -0.416790
42.900000 0.453313 3.515989 -0.420876
42.950000 0.627412 3.434935 -0.424606
43.000000 0.796806 3.328118 -0.427870
43.050000 0.960224 3.196341 -0.430569
43.100000 1.116440 3.040591 -0.432622
43.150000 1.264283 2.862037 -0.433967
43.200000 1.402644 2.662017 -0.434566
43.250000 1.530485 2.442033 -0.434399
43.300000 1.646847 2.203733 -0.433471
43.350000 1.750858 1.948905 -0.431811
43.400000 1.841738 1.679460 -0.429469
43.450000 1.918804 1.397420 -0.426513
43.500000 1.981480 1.104898 -0.423033
43.550000 2.029294 0.804090 -0.419133
43.600000 2.061889 0.497252 -0.414930
43.650000 2.079019 0.186683 -0.410550
43.700000 2.080557 -0.125285 -0.406123
43.750000 2.066491 -0.436313 -0.401782
43.800000 2.036926 -0.744070 -0.397658
43.850000 1.992084 -1.046245 -0.393874
43.900000 1.932301 -1.340574 -0.390543
43.950000 1.858026 -1.624849 -0.387764
44.000000 1.769816 -1.896937 -0.385622
44.050000 1.668333 -2.154798 -0.384180
44.100000 1.554337 -2.396498 -0.383481
44.150000 1.428683 -2.620225 -0.383546
44.200000 1.292314 -2.824299 -0.384374
44.250000 1.146253 -3.007192 -0.385939
44.300000 0.991595 -3.167531 -0.388196
44.350000 0.829500 -3.304113 -0.391075
44.400000 0.661184 -3.415914 -0.394491
44.450000 0.487908 -3.502096 -0.398342
44.500000 0.310974 -3.562012 -0.402512
44.550000 0.131707 -3.595213 -0.406876
44.600000 -0.048547 -3.601450 -0.411305
44.650000 -0.228438 -3.580676 -0.415664
44.700000 -0.406615 -3.533047 -0.419824
44.750000 -0.581742 -3.458920 -0.423660
44.800000 -0.752507 -3.358852 -0.427057
44.850000 -0.917628 -3.233592 -0.429914
44.900000 -1.075866 -3.084080 -0.432145
44.950000 -1.226036 -2.911437 -0.433683
45.000000 -1.367010 -2.716959 -0.434482
45.050000 -1.497731 -2.502103 -0.434518
45.100000 -1.617220 -2.268482 -0.433790
45.150000 -1.724580 -2.017847 -0.432320
45.200000 -1.819005 -1.752078 -0.430151
45.250000 -1.899787 -1.473168 -0.427350
45.300000 -1.966322 -1.183210 -0.423999
45.350000 -2.018108 -0.884378 -0.420200
45.400000 -2.054759 -0.578913 -0.416065
45.450000 -2.076000 -0.269106 -0.411719
45.500000 -2.081670 0.042719 -0.407291
45.550000 -2.071728 0.354224 -0.402915
45.600000 -2.046248 0.663072 -0.398722
45.650000 -2.005421 0.966947 -0.394836
45.700000 -1.949553 1.263570 -0.391374
45.750000 -1.879064 1.550717 -0.388441
45.800000 -1.794481 1.826233 -0.386123
45.850000 -1.696440 2.088052 -0.384490
45.900000 -1.585676 2.334210 -0.383592
45.950000 -1.463019 2.562862 -0.383454
46.000000 -1.329390 2.772293 -0.384082
46.050000 -1.185790 2.960932 -0.385456
46.100000 -1.033297 3.127363 -0.387535
46.150000 -0.873054 3.270339 -0.390257
46.200000 -0.706263 3.388788 -0.393540
46.250000 -0.534175 3.481821 -0.397287
46.300000 -0.358081 3.548740 -0.401384
46.350000 -0.179301 3.589044 -0.405710
46.400000 0.000824 3.602429 -0.410134
46.450000 0.180942 3.588797 -0.414524
46.500000 0.359703 3.548249 -0.418750
46.550000 0.535767 3.481088 -0.422683
46.600000 0.707812 3.387820 -0.426207
46.650000 0.874549 3.269143 -0.429216
46.700000 1.034727 3.125947 -0.431620
46.750000 1.187144 2.959307 -0.433346
46.800000 1.330657 2.770472 -0.434344
46.850000 1.464191 2.560858 -0.434583
46.900000 1.586743 2.332038 -0.434056
46.950000 1.697395 2.085728 -0.432779
47.000000 1.795316 1.823774 -0.430790
47.050000 1.879772 1.548143 -0.428149
47.100000 1.950130 1.260900 -0.424934
47.150000 2.005862 0.964201 -0.421243
47.200000 2.046550 0.660270 -0.417185
47.250000 2.071889 0.351387 -0.412882
47.300000 2.081689 0.039869 -0.408464
47.350000 2.075876 -0.271949 -0.404061
47.400000 2.054494 -0.581727 -0.399806
47.450000 2.017703 -0.887141 -0.395827
47.500000 1.965780 -1.185903 -0.392243
47.550000 1.899113 -1.475770 -0.389160
47.600000 1.818203 -1.754568 -0.386672
47.650000 1.723656 -2.020208 -0.384852
47.700000 1.616182 -2.270696 -0.383756
47.750000 1.496587 -2.504153 -0.383416
47.800000 1.365767 -2.718830 -0.383842
47.850000 1.224704 -2.913115 -0.385021
47.900000 1.074455 -3.085552 -0.386919
47.950000 0.916148 -3.234847 -0.389478
48.000000 0.750971 -3.359881 -0.392622
48.050000 0.580160 -3.459716 -0.396256
48.100000 0.404999 -3.533603 -0.400272
48.150000 0.226800 -3.580988 -0.404550
48.200000 0.046900 -3.601515 -0.408961
48.250000 -0.133351 -3.595032 -0.413373
48.300000 -0.312603 -3.561585 -0.417655
48.350000 -0.489510 -3.501427 -0.421677
48.400000 -0.662746 -3.415007 -0.425320
48.450000 -0.831011 -3.302976 -0.428475
48.500000 -0.993043 -3.166172 -0.431047
48.550000 -1.147628 -3.005621 -0.432958
48.600000 -1.293605 -2.822529 -0.434153
48.650000 -1.429881 -2.618267 -0.434594
48.700000 -1.555432 -2.394369 -0.434269
48.750000 -1.669318 -2.152513 -0.433188
48.800000 -1.770683 -1.894513 -0.431382
48.850000 -1.858769 -1.622304 -0.428907
48.900000 -1.932914 -1.337927 -0.425836
48.950000 -1.992562 -1.043517 -0.422260
49.000000 -2.037265 -0.741280 -0.418288
49.050000 -2.066690 -0.433483 -0.414038
49.100000 -2.080614 -0.122435 -0.409637
49.150000 -2.078933 0.189531 -0.405217
49.200000 -2.061661 0.500075 -0.400911
49.250000 -2.028926 0.806869 -0.396847
49.300000 -1.980974 1.107612 -0.393147
49.350000 -1.918164 1.400047 -0.389922
49.400000 -1.840969 1.681982 -0.387268
49.450000 -1.749966 1.951302 -0.385266
49.500000 -1.645839 2.205987 -0.383974
49.550000 -1.529368 2.444128 -0.383431
49.600000 -1.401426 2.663937 -0.383655
49.650000 -1.262974 2.863767 -0.384638
49.700000 -1.115049 3.042119 -0.386350
49.750000 -0.958762 3.197655 -0.388740
49.800000 -0.795284 3.329208 -0.391738
49.850000 -0.625841 3.435793 -0.395252
49.900000 -0.451704 3.516609 -0.399179
49.950000 -0.274180 3.571050 -0.403399
50.000000 -0.094599 3.598709 -0.407788
50.050000 0.085691 3.599377 -0.412213
50.100000 0.265338 3.573050 -0.416542
50.150000 0.442996 3.519924 -0.420645
50.200000 0.617331 3.440400 -0.424400
50.250000 0.787036 3.335073 -0.427693
50.300000 0.950838 3.204732 -0.430428
50.350000 1.107509 3.050356 -0.432520
50.400000 1.255873 2.873102 -0.433909
50.450000 1.394819 2.674300 -0.434552
50.500000 1.523304 2.455441 -0.434430
50.550000 1.640363 2.218166 -0.433546
50.600000 1.745120 1.964255 -0.431928
50.650000 1.836789 1.695612 -0.429623
50.700000 1.914681 1.414252 -0.426702
50.750000 1.978214 1.122284 -0.423250
50.800000 2.026910 0.821900 -0.419371
50.850000 2.060404 0.515352 -0.415183
50.900000 2.078445 0.204938 -0.410809
50.950000 2.080898 -0.107013 -0.406381
51.000000 2.067744 -0.418161 -0.402032
51.050000 2.039082 -0.726173 -0.397892
51.100000 1.995126 -1.028738 -0.394084
51.150000 1.936208 -1.323588 -0.390723
51.200000 1.862768 -1.608512 -0.387910
51.250000 1.775357 -1.881371 -0.385728
51.300000 1.674630 -2.140120 -0.384244
51.350000 1.561345 -2.382818 -0.383501
51.400000 1.436349 -2.607645 -0.383521
51.450000 1.300580 -2.812915 -0.384305
51.500000 1.155057 -2.997087 -0.385828
51.550000 1.000871 -3.158782 -0.388045
51.600000 0.839179 -3.296786 -0.390890
51.650000 0.671193 -3.410064 -0.394278
51.700000 0.498173 -3.497766 -0.398106
51.750000 0.321416 -3.559235 -0.402261
51.800000 0.142249 -3.594010 -0.406618
51.850000 -0.037985 -3.601830 -0.411046
51.900000 -0.217934 -3.582636 -0.415413
51.950000 -0.396248 -3.536572 -0.419588
52.000000 -0.571591 -3.463984 -0.423446
52.050000 -0.742647 -3.365417 -0.426872
52.100000 -0.908133 -3.241608 -0.429763
52.150000 -1.066808 -3.093488 -0.432033
52.200000 -1.217482 -2.922166 -0.433613
52.250000 -1.359024 -2.728928 -0.434456
52.300000 -1.490374 -2.515223 -0.434537
52.350000 -1.610547 -2.282654 -0.433853
52.400000 -1.718640 -2.032965 -0.432425
52.450000 -1.813843 -1.768029 -0.430297
52.500000 -1.895443 -1.489832 -0.427530
52.550000 -1.962826 -1.200462 -0.424209
52.600000 -2.015489 -0.902089 -0.420433
52.650000 -2.053035 -0.596949 -0.416314
52.700000 -2.075184 -0.287333 -0.411977
52.750000 -2.081768 0.024439 -0.407551
52.800000 -2.072740 0.336027 -0.403168
52.850000 -2.048166 0.645095 -0.398960
52.900000 -2.008230 0.949324 -0.395053
52.950000 -1.953233 1.246434 -0.391563
53.000000 -1.883587 1.534196 -0.388596
53.050000 -1.799814 1.810451 -0.386240
53.100000 -1.702542 2.073127 -0.384566
53.150000 -1.592501 2.320256 -0.383624
53.200000 -1.470516 2.549982 -0.383441
53.250000 -1.337503 2.760583 -0.384024
53.300000 -1.194458 2.950481 -0.385355
53.350000 -1.042455 3.118249 -0.387395
53.400000 -0.882633 3.262631 -0.390081
53.450000 -0.716192 3.382542 -0.393334
53.500000 -0.544379 3.477085 -0.397056
53.550000 -0.368483 3.545550 -0.401136
53.600000 -0.189824 3.587423 -0.405452
53.650000 -0.009741 3.602390 -0.409874
53.700000 0.170415 3.590340 -0.414270
53.750000 0.349293 3.551362 -0.418509
53.800000 0.525551 3.485748 -0.422463
53.850000 0.697868 3.393992 -0.426014
53.900000 0.864950 3.276780 -0.429056
53.950000 1.025546 3.134993 -0.431497
54.000000 1.178450 2.969694 -0.433265
54.050000 1.322515 2.782121 -0.434306
54.100000 1.456662 2.573683 -0.434590
54.150000 1.579884 2.345942 -0.434108
54.200000 1.691256 2.100607 -0.432874
54.250000 1.789944 1.839516 -0.430925
54.300000 1.875208 1.564630 -0.428320
54.350000 1.946407 1.278009 -0.425137
54.400000 2.003009 0.981803 -0.421470
54.450000 2.044588 0.678233 -0.417431
54.500000 2.070832 0.369577 -0.413139
54.550000 2.081545 0.058148 -0.408723
54.600000 2.076647 -0.253716 -0.404316
54.650000 2.056174 -0.563678 -0.400049
54.700000 2.020279 -0.869412 -0.396051
54.750000 1.969232 -1.168625 -0.392440
54.800000 1.903417 -1.459074 -0.389325
54.850000 1.823325 -1.738579 -0.386800
54.900000 1.729559 -2.005045 -0.384940
54.950000 1.622820 -2.256474 -0.383800
55.000000 1.503911 -2.490979 -0.383415
55.050000 1.373723 -2.706801 -0.383796
55.100000 1.233231 -2.902323 -0.384932
55.150000 1.083490 -3.076077 -0.386789
55.200000 0.925623 -3.226761 -0.389311
55.250000 0.760814 -3.353243 -0.392423
55.300000 0.590299 -3.454577 -0.396032
55.350000 0.415357 -3.530001 -0.400029
55.400000 0.237299 -3.578950 -0.404294
55.450000 0.057462 -3.601057 -0.408701
55.500000 -0.122807 -3.596156 -0.413117
55.550000 -0.302154 -3.564284 -0.417410
55.600000 -0.479235 -3.505680 -0.421451
55.650000 -0.652722 -3.420783 -0.425120
55.700000 -0.821314 -3.310231 -0.428306
55.750000 -0.983745 -3.174851 -0.430914
55.800000 -1.138799 -3.015660 -0.432866
55.850000 -1.285311 -2.833852 -0.434103
55.900000 -1.422184 -2.630790 -0.434589
55.950000 -1.548390 -2.407997 -0.434309
56.000000 -1.662984 -2.167144 -0.433272
56.050000 -1.765105 -1.910037 -0.431507
56.100000 -1.853987 -1.638605 -0.429069
56.150000 -1.928965 -1.354884 -0.426030
56.200000 -1.989476 -1.061001 -0.422482
56.250000 -2.035065 -0.759160 -0.418530
56.300000 -2.065392 -0.451626 -0.414292
56.350000 -2.080228 -0.140705 -0.409896
56.400000 -2.079462 0.171272 -0.405474
56.450000 -2.063101 0.481964 -0.401157
56.500000 -2.031266 0.789042 -0.397076
56.550000 -1.984196 1.090201 -0.393351
56.600000 -1.922246 1.383185 -0.390096
56.650000 -1.845878 1.665794 -0.387406
56.700000 -1.755666 1.935910 -0.385364
56.750000 -1.652287 2.191506 -0.384029
56.800000 -1.536516 2.430666 -0.383442
56.850000 -1.409220 2.651597 -0.383621
56.900000 -1.271356 2.852640 -0.384559
56.950000 -1.123956 3.032288 -0.386230
57.000000 -0.968127 3.189195 -0.388583
57.050000 -0.805037 3.322182 -0.391547
57.100000 -0.635909 3.430253 -0.395034
57.150000 -0.462012 3.512597 -0.398940
57.200000 -0.284649 3.568596 -0.403146
57.250000 -0.105152 3.597831 -0.407529
57.300000 0.075134 3.600083 -0.411955
57.350000 0.254856 3.575334 -0.416293
57.400000 0.432667 3.523769 -0.420413
57.450000 0.607233 3.445777 -0.424191
57.500000 0.777245 3.341941 -0.427515
57.550000 0.941427 3.213041 -0.430284
57.600000 1.098549 3.060042 -0.432417
57.650000 1.247432 2.884094 -0.433848
57.700000 1.386958 2.686515 -0.434535
57.750000 1.516083 2.468786 -0.434458
57.800000 1.633837 2.232542 -0.433619
57.850000 1.739337 1.979554 -0.432042
57.900000 1.831792 1.711720 -0.429776
57.950000 1.910509 1.431047 -0.426888
58.000000 1.974897 1.139642 -0.423465
58.050000 2.024473 0.839689 -0.419608
58.100000 2.058866 0.533438 -0.415434
58.150000 2.077817 0.223187 -0.411068
58.200000 2.081185 -0.088738 -0.406640
58.250000 2.068943 -0.399998 -0.402282
58.300000 2.041185 -0.708257 -0.398126
58.350000 1.998118 -1.011205 -0.394296
58.400000 1.940064 -1.306569 -0.390906
58.450000 1.867461 -1.592133 -0.388058
58.500000 1.780851 -1.865756 -0.385838
58.550000 1.680885 -2.125387 -0.384311
58.600000 1.568312 -2.369076 -0.383523
58.650000 1.443977 -2.594998 -0.383499
58.700000 1.308813 -2.801457 -0.384238
58.750000 1.163832 -2.986906 -0.385719
58.800000 1.010122 -3.149952 -0.387898
58.850000 0.848837 -3.289374 -0.390708
58.900000 0.681185 -3.404126 -0.394066
58.950000 0.508424 -3.493346 -0.397872
59.000000 0.331850 -3.556367 -0.402011
59.050000 0.152787 -3.592715 -0.406359
59.100000 -0.027421 -3.602117 -0.410787
59.150000 -0.207424 -3.584504 -0.415161
59.200000 -0.385872 -3.540007 -0.419351
59.250000 -0.561425 -3.468959 -0.423231
59.300000 -0.732768 -3.371895 -0.426686
59.350000 -0.898615 -3.249541 -0.429610
59.400000 -1.057722 -3.102816 -0.431918
59.450000 -1.208896 -2.932820 -0.433540
59.500000 -1.351004 -2.740827 -0.434427
59.550000 -1.482979 -2.528278 -0.434553
59.600000 -1.603832 -2.296768 -0.433914
59.650000 -1.712656 -2.048031 -0.432529
59.700000 -1.808635 -1.783934 -0.430440
59.750000 -1.891049 -1.506458 -0.427709
59.800000 -1.959281 -1.217683 -0.424417
59.850000 -2.012817 -0.919776 -0.420665
59.900000 -2.051258 -0.614970 -0.416563
59.950000 -2.074314 -0.305552 -0.412235
60.000000 -2.081813 0.006157 -0.407810
60.050000 -2.073699 0.317821 -0.403421
60.100000 -2.050031 0.627100 -0.399199
60.150000 -2.010989 0.931677 -0.395271
60.200000 -1.956864 1.229266 -0.391754
60.250000 -1.888062 1.517635 -0.388754
60.300000 -1.805100 1.794622 -0.386360
60.350000 -1.708600 2.058150 -0.384644
60.400000 -1.599285 2.306241 -0.383658
60.450000 -1.477976 2.537036 -0.383431
60.500000 -1.345581 2.748803 -0.383969
60.550000 -1.203095 2.939953 -0.385257
60.600000 -1.051586 3.109055 -0.387257
60.650000 -0.892190 3.254838 -0.389907
60.700000 -0.726102 3.376210 -0.393129
60.750000 -0.554569 3.472260 -0.396827
60.800000 -0.378876 3.542268 -0.400890
60.850000 -0.200342 3.585710 -0.405195
60.900000 -0.020305 3.602258 -0.409615
60.950000 0.159884 3.591790 -0.414016
61.000000 0.338874 3.554383 -0.418267
61.050000 0.515322 3.490319 -0.422241
61.100000 0.687905 3.400076 -0.425819
61.150000 0.855330 3.284334 -0.428893
61.200000 1.016339 3.143959 -0.431372
61.250000 1.169726 2.980004 -0.433181
61.300000 1.314339 2.793699 -0.434266
61.350000 1.449095 2.586441 -0.434594
61.400000 1.572983 2.359785 -0.434157
61.450000 1.685074 2.115431 -0.432966
61.500000 1.784527 1.855211 -0.431058
61.550000 1.870595 1.581077 -0.428489
61.600000 1.942634 1.295085 -0.425338
61.650000 2.000104 0.999379 -0.421697
61.700000 2.042572 0.696179 -0.417676
61.750000 2.069721 0.387757 -0.413395
61.800000 2.081348 0.076427 -0.408983
61.850000 2.077364 -0.235477 -0.404572
61.900000 2.057800 -0.545614 -0.400293
61.950000 2.022803 -0.851659 -0.396275
62.000000 1.972634 -1.151317 -0.392639
62.050000 1.907671 -1.442340 -0.389492
62.100000 1.828400 -1.722545 -0.386930
62.150000 1.735416 -1.989832 -0.385029
62.200000 1.629417 -2.242194 -0.383846
62.250000 1.511197 -2.477740 -0.383416
62.300000 1.381643 -2.694703 -0.383753
62.350000 1.241727 -2.891456 -0.384845
62.400000 1.092497 -3.066523 -0.386661
62.450000 0.935074 -3.218591 -0.389146
62.500000 0.770638 -3.346519 -0.392226
62.550000 0.600423 -3.449349 -0.395808
62.600000 0.425704 -3.526308 -0.399786
62.650000 0.247792 -3.576820 -0.404039
62.700000 0.068021 -3.600506 -0.408441
62.750000 -0.112259 -3.597188 -0.412860
62.800000 -0.291697 -3.566892 -0.417164
62.850000 -0.468948 -3.509843 -0.421223
62.900000 -0.642682 -3.426471 -0.424917
62.950000 -0.811595 -3.317400 -0.428134
63.000000 -0.974422 -3.183449 -0.430778
63.050000 -1.129940 -3.025622 -0.432771
63.100000 -1.276984 -2.845103 -0.434051
63.150000 -1.414450 -2.643245 -0.434582
63.200000 -1.541308 -2.421563 -0.434347
63.250000 -1.656607 -2.181720 -0.433353
63.300000 -1.759480 -1.925513 -0.431630
63.350000 -1.849158 -1.654865 -0.429229
63.400000 -1.924967 -1.371806 -0.426223
63.450000 -1.986339 -1.078458 -0.422702
63.500000 -2.032813 -0.777022 -0.418770
63.550000 -2.064041 -0.469758 -0.414546
63.600000 -2.079788 -0.158970 -0.410156
63.650000 -2.079938 0.153009 -0.405732
63.700000 -2.064487 0.463841 -0.401405
63.750000 -2.033554 0.771194 -0.397306
63.800000 -1.987368 1.072763 -0.393558
63.850000 -1.926277 1.366287 -0.390272
63.900000 -1.850739 1.649563 -0.387547
63.950000 -1.761321 1.920467 -0.385464
64.000000 -1.658693 2.176968 -0.384087
64.050000 -1.543624 2.417142 -0.383455
64.100000 -1.416978 2.639187 -0.383589
64.150000 -1.279705 2.841439 -0.384484
64.200000 -1.132835 3.022379 -0.386113
64.250000 -0.977468 3.180652 -0.388427
64.300000 -0.814769 3.315070 -0.391358
64.350000 -0.645961 3.424624 -0.394817
64.400000 -0.472307 3.508494 -0.398701
64.450000 -0.295111 3.566051 -0.402894
64.500000 -0.115702 3.596862 -0.407269
64.550000 0.064575 3.600696 -0.411697
64.600000 0.244368 3.577526 -0.416044
64.650000 0.422328 3.527523 -0.420180
64.700000 0.597120 3.451065 -0.423982
64.750000 0.767434 3.348723 -0.427335
64.800000 0.931992 3.221266 -0.430139
64.850000 1.089561 3.069650 -0.432310
64.900000 1.238957 2.895011 -0.433784
64.950000 1.379062 2.698659 -0.434516
65.000000 1.508823 2.482068 -0.434484
65.050000 1.627269 2.246861 -0.433688
65.100000 1.733509 1.994803 -0.432154
65.150000 1.826749 1.727783 -0.429927
65.200000 1.906288 1.447806 -0.427073
65.250000 1.971530 1.156969 -0.423678
65.300000 2.021985 0.857456 -0.419844
65.350000 2.057275 0.551511 -0.415685
65.400000 2.077136 0.241431 -0.411327
65.450000 2.081418 -0.070461 -0.406898
65.500000 2.070090 -0.381824 -0.402533
65.550000 2.043236 -0.690324 -0.398362
65.600000 2.001057 -0.993646 -0.394509
65.650000 1.943871 -1.289515 -0.391091
65.700000 1.872106 -1.575713 -0.388208
65.750000 1.786300 -1.850094 -0.385949
65.800000 1.687097 -2.110599 -0.384380
65.850000 1.575240 -2.355274 -0.383548
65.900000 1.451569 -2.582285 -0.383479
65.950000 1.317012 -2.789928 -0.384174
66.000000 1.172576 -2.976647 -0.385613
66.050000 1.019347 -3.141041 -0.387752
66.100000 0.858472 -3.281878 -0.390527
66.150000 0.691159 -3.398100 -0.393856
66.200000 0.518662 -3.488837 -0.397638
66.250000 0.342275 -3.553407 -0.401761
66.300000 0.163321 -3.591327 -0.406101
66.350000 -0.016857 -3.602312 -0.410528
66.400000 -0.196910 -3.586279 -0.414909
66.450000 -0.375485 -3.543349 -0.419113
66.500000 -0.551245 -3.473845 -0.423015
66.550000 -0.722870 -3.378286 -0.426497
66.600000 -0.889073 -3.257390 -0.429455
66.650000 -1.048609 -3.112064 -0.431801
66.700000 -1.200280 -2.943398 -0.433465
66.750000 -1.342949 -2.752656 -0.434396
66.800000 -1.475545 -2.541269 -0.434567
66.850000 -1.597075 -2.310822 -0.433972
66.900000 -1.706627 -2.063044 -0.432630
66.950000 -1.803380 -1.799794 -0.430580
67.000000 -1.886607 -1.523045 -0.427885
67.050000 -1.955684 -1.234873 -0.424624
67.100000 -2.010094 -0.937440 -0.420895
67.150000 -2.049428 -0.632975 -0.416811
67.200000 -2.073392 -0.323764 -0.412492
67.250000 -2.081805 -0.012124 -0.408070
67.300000 -2.074604 0.299607 -0.403675
67.350000 -2.051844 0.609090 -0.399440
67.400000 -2.013695 0.914006 -0.395491
67.450000 -1.960443 1.212066 -0.391947
67.500000 -1.892488 1.501036 -0.388914
67.550000 -1.810340 1.778748 -0.386482
67.600000 -1.714614 2.043119 -0.384725
67.650000 -1.606028 2.292168 -0.383695
67.700000 -1.485397 2.524024 -0.383423
67.750000 -1.353625 2.736951 -0.383917
67.800000 -1.211702 2.929351 -0.385162
67.850000 -1.060690 3.099780 -0.387121
67.900000 -0.901724 3.246961 -0.389735
67.950000 -0.735994 3.369790 -0.392927
68.000000 -0.564745 3.467345 -0.396599
68.050000 -0.389260 3.538896 -0.400644
68.100000 -0.210855 3.583904 -0.404939
68.150000 -0.030869 3.602034 -0.409355
68.200000 0.149348 3.593148 -0.413761
68.250000 0.328445 3.557313 -0.418025
68.300000 0.505079 3.494799 -0.422018
68.350000 0.677925 3.406074 -0.425622
68.400000 0.845687 3.291803 -0.428729
68.450000 1.007106 3.152843 -0.431244
68.500000 1.160971 2.990237 -0.433094
68.550000 1.306129 2.805205 -0.434223
68.600000 1.441492 2.599133 -0.434596
68.650000 1.566043 2.373568 -0.434203
68.700000 1.678848 2.130201 -0.433056
68.750000 1.779063 1.870858 -0.431189
68.800000 1.865934 1.597483 -0.428657
68.850000 1.938811 1.312127 -0.425537
68.900000 1.997147 1.016930 -0.421921
68.950000 2.040504 0.714107 -0.417920
69.000000 2.068558 0.405927 -0.413651
69.050000 2.081097 0.094703 -0.409243
69.100000 2.078028 -0.217231 -0.404828
69.150000 2.059374 -0.527537 -0.400538
69.200000 2.025274 -0.833885 -0.396501
69.250000 1.975985 -1.133980 -0.392839
69.300000 1.911876 -1.425569 -0.389661
69.350000 1.833428 -1.706467 -0.387063
69.400000 1.741230 -1.974566 -0.385121
69.450000 1.635972 -2.227857 -0.383895
69.500000 1.518444 -2.464438 -0.383420
69.550000 1.389528 -2.682536 -0.383712
69.600000 1.250190 -2.880514 -0.384761
69.650000 1.101476 -3.056890 -0.386536
69.700000 0.944501 -3.210338 -0.388984
69.750000 0.780443 -3.339709 -0.392031
69.800000 0.610531 -3.444032 -0.395587
69.850000 0.436039 -3.522524 -0.399544
69.900000 0.258278 -3.574598 -0.403785
69.950000 0.078580 -3.599863 -0.408182
70.000000 -0.101708 -3.598128 -0.412604
70.050000 -0.281233 -3.569407 -0.416918
70.100000 -0.458649 -3.513916 -0.420995
70.150000 -0.632625 -3.432071 -0.424713
70.200000 -0.801856 -3.324485 -0.427960
70.250000 -0.965073 -3.191965 -0.430641
70.300000 -1.121052 -3.035506 -0.432673
70.350000 -1.268624 -2.856280 -0.433997
70.400000 -1.406680 -2.655632 -0.434572
70.450000 -1.534187 -2.435067 -0.434382
70.500000 -1.650187 -2.196239 -0.433432
70.550000 -1.753811 -1.940939 -0.431750
70.600000 -1.844281 -1.671082 -0.429388
70.650000 -1.920919 -1.388692 -0.426415
70.700000 -1.983150 -1.095887 -0.422921
70.750000 -2.030508 -0.794863 -0.419010
70.800000 -2.062636 -0.487877 -0.414799
70.850000 -2.079295 -0.177232 -0.410415
70.900000 -2.080360 0.134742 -0.405989
70.950000 -2.065821 0.445706 -0.401654
71.000000 -2.035789 0.753327 -0.397538
71.050000 -1.990489 1.055297 -0.393766
71.100000 -1.930259 1.349353 -0.390450
71.150000 -1.855553 1.633289 -0.387689
71.200000 -1.766930 1.904976 -0.385567
71.250000 -1.665056 2.162375 -0.384147
71.300000 -1.550693 2.403556 -0.383471
71.350000 -1.424700 2.626710 -0.383560
71.400000 -1.288022 2.830164 -0.384411
71.450000 -1.141684 3.012392 -0.385998
71.500000 -0.986783 3.172027 -0.388274
71.550000 -0.824481 3.307872 -0.391171
71.600000 -0.655995 3.418908 -0.394602
71.650000 -0.482590 3.504302 -0.398464
71.700000 -0.305565 3.563413 -0.402642
71.750000 -0.126249 3.595799 -0.407010
71.800000 0.054015 3.601217 -0.411438
71.850000 0.233873 3.579625 -0.415794
71.900000 0.411977 3.531187 -0.419946
71.950000 0.586992 3.456264 -0.423770
72.000000 0.757604 3.355419 -0.427152
72.050000 0.922534 3.229409 -0.429991
72.100000 1.080544 3.079178 -0.432202
72.150000 1.230451 2.905854 -0.433718
72.200000 1.371130 2.710735 -0.434494
72.250000 1.501525 2.495286 -0.434507
72.300000 1.620658 2.261122 -0.433756
72.350000 1.727637 2.010000 -0.432264
72.400000 1.821658 1.743803 -0.430075
72.450000 1.902017 1.464527 -0.427256
72.500000 1.968111 1.174267 -0.423890
72.550000 2.019444 0.875201 -0.420079
72.600000 2.055631 0.569570 -0.415936
72.650000 2.076401 0.259668 -0.411585
72.700000 2.081598 -0.052182 -0.407157
72.750000 2.071183 -0.363641 -0.402785
72.800000 2.045234 -0.672372 -0.398599
72.850000 2.003946 -0.976060 -0.394724
72.900000 1.947628 -1.272429 -0.391277
72.950000 1.876703 -1.559253 -0.388361
73.000000 1.791703 -1.834384 -0.386063
73.050000 1.693264 -2.095756 -0.384452
73.100000 1.582127 -2.341411 -0.383576
73.150000 1.459123 -2.569504 -0.383462
73.200000 1.325176 -2.778327 -0.384113
73.250000 1.181291 -2.966312 -0.385509
73.300000 1.028545 -3.132050 -0.387608
73.350000 0.868086 -3.274297 -0.390348
73.400000 0.701116 -3.391987 -0.393647
73.450000 0.528887 -3.484237 -0.397406
73.500000 0.352692 -3.550356 -0.401512
73.550000 0.173851 -3.589846 -0.405843
73.600000 -0.006293 -3.602413 -0.410268
73.650000 -0.186390 -3.587962 -0.414656
73.700000 -0.365089 -3.546601 -0.418874
73.750000 -0.541050 -3.478641 -0.422797
73.800000 -0.712953 -3.384591 -0.426306
73.850000 -0.879509 -3.265156 -0.429298
73.900000 -1.039469 -3.121233 -0.431682
73.950000 -1.191632 -2.953900 -0.433387
74.000000 -1.334859 -2.764413 -0.434362
74.050000 -1.468074 -2.554193 -0.434578
74.100000 -1.590278 -2.324817 -0.434028
74.150000 -1.700555 -2.078004 -0.432729
74.200000 -1.798078 -1.815607 -0.430719
74.250000 -1.882116 -1.539592 -0.428059
74.300000 -1.952038 -1.252031 -0.424829
74.350000 -2.007319 -0.955079 -0.421125
74.400000 -2.047546 -0.650964 -0.417058
74.450000 -2.072415 -0.341967 -0.412749
74.500000 -2.081742 -0.030405 -0.408329
74.550000 -2.075456 0.281385 -0.403929
74.600000 -2.053604 0.591064 -0.399681
74.650000 -2.016350 0.896311 -0.395712
74.700000 -1.963973 1.194835 -0.392142
74.750000 -1.896866 1.484398 -0.389076
74.800000 -1.815533 1.762828 -0.386607
74.850000 -1.720583 2.028036 -0.384808
74.900000 -1.612729 2.278035 -0.383735
74.950000 -1.492780 2.510948 -0.383418
75.000000 -1.361635 2.725029 -0.383867
75.050000 -1.220277 2.918672 -0.385069
75.100000 -1.069767 3.090426 -0.386987
75.150000 -0.911234 3.239001 -0.389565
75.200000 -0.745867 3.363283 -0.392725
75.250000 -0.574906 3.462341 -0.396373
75.300000 -0.399633 3.535432 -0.400399
75.350000 -0.221363 3.582007 -0.404682
75.400000 -0.041432 3.601716 -0.409095
75.450000 0.138809 3.594413 -0.413506
75.500000 0.318009 3.560152 -0.417781
75.550000 0.494824 3.499189 -0.421794
75.600000 0.667928 3.411983 -0.425424
75.650000 0.836022 3.299187 -0.428562
75.700000 0.997846 3.161646 -0.431115
75.750000 1.152187 3.000394 -0.433005
75.800000 1.297886 2.816638 -0.434177
75.850000 1.433851 2.611758 -0.434596
75.900000 1.559062 2.387290 -0.434247
75.950000 1.672580 2.144917 -0.433144
76.000000 1.773553 1.886457 -0.431317
76.050000 1.861225 1.613848 -0.428822
76.100000 1.934938 1.329136 -0.425734
76.150000 1.994139 1.034455 -0.422145
76.200000 2.038384 0.732016 -0.418163
76.250000 2.067341 0.424087 -0.413906
76.300000 2.080792 0.112977 -0.409502
76.350000 2.078638 -0.198981 -0.405084
76.400000 2.060894 -0.509445 -0.400783
76.450000 2.027694 -0.816090 -0.396729
76.500000 1.979285 -1.116613 -0.393041
76.550000 1.916032 -1.408762 -0.389832
76.600000 1.838409 -1.690345 -0.387198
76.650000 1.746998 -1.959250 -0.385216
76.700000 1.642484 -2.213462 -0.383946
76.750000 1.525652 -2.451072 -0.383427
76.800000 1.397377 -2.670299 -0.383674
76.850000 1.258622 -2.869499 -0.384679
76.900000 1.110427 -3.047178 -0.386413
76.950000 0.953904 -3.202002 -0.388823
77.000000 0.790227 -3.332812 -0.391837
77.050000 0.620623 -3.438626 -0.395366
77.100000 0.446364 -3.518650 -0.399303
77.150000 0.268758 -3.572284 -0.403531
77.200000 0.089136 -3.599126 -0.407922
77.250000 -0.091155 -3.598975 -0.412346
77.300000 -0.270762 -3.571831 -0.416670
77.350000 -0.448338 -3.517899 -0.420765
77.400000 -0.622552 -3.437582 -0.424507
77.450000 -0.792096 -3.331483 -0.427785
77.500000 -0.955700 -3.200399 -0.430501
77.550000 -1.112136 -3.045311 -0.432573
77.600000 -1.260231 -2.867383 -0.433939
77.650000 -1.398874 -2.667951 -0.434559
77.700000 -1.527026 -2.448508 -0.434414
77.750000 -1.643725 -2.210702 -0.433508
77.800000 -1.748096 -1.956315 -0.431868
77.850000 -1.839357 -1.687256 -0.429544
77.900000 -1.916822 -1.405543 -0.426604
77.950000 -1.979911 -1.113288 -0.423138
78.000000 -2.028151 -0.812683 -0.419248
78.050000 -2.061179 -0.505983 -0.415052
78.100000 -2.078749 -0.195489 -0.410675
78.150000 -2.080728 0.116472 -0.406247
78.200000 -2.067102 0.427559 -0.401903
78.250000 -2.037972 0.735440 -0.397771
78.300000 -1.993558 1.037804 -0.393975
78.350000 -1.934192 1.332386 -0.390630
78.400000 -1.860319 1.616974 -0.387834
78.450000 -1.772494 1.889435 -0.385673
78.500000 -1.671376 2.147725 -0.384210
78.550000 -1.557722 2.389907 -0.383490
78.600000 -1.432385 2.614165 -0.383534
78.650000 -1.296305 2.818817 -0.384340
78.700000 -1.150503 3.002328 -0.385885
78.750000 -0.996072 3.163321 -0.388123
78.800000 -0.834171 3.300589 -0.390986
78.850000 -0.666014 3.413103 -0.394388
78.900000 -0.492861 3.500019 -0.398228
78.950000 -0.316012 3.560684 -0.402391
79.000000 -0.136792 3.594644 -0.406751
79.050000 0.043453 3.601645 -0.411180
79.100000 0.223372 3.581633 -0.415543
79.150000 0.401616 3.534759 -0.419710
79.200000 0.576848 3.461374 -0.423557
79.250000 0.747754 3.362029 -0.426968
79.300000 0.913051 3.237469 -0.429842
79.350000 1.071500 3.088627 -0.432091
79.400000 1.221914 2.916621 -0.433649
79.450000 1.363163 2.722741 -0.434469
79.500000 1.494188 2.508439 -0.434527
79.550000 1.614006 2.275325 -0.433821
79.600000 1.721720 2.025145 -0.432371
79.650000 1.816521 1.759777 -0.430222
79.700000 1.897698 1.481211 -0.427437
79.750000 1.964642 1.191535 -0.424101
79.800000 2.016851 0.892923 -0.420312
79.850000 2.053934 0.587614 -0.416185
79.900000 2.075613 0.277898 -0.411843
79.950000 2.081724 -0.033902 -0.407416
80.000000 2.072223 -0.345448 -0.403037
80.050000 2.047179 -0.654403 -0.398836
80.100000 2.006782 -0.958450 -0.394940
80.150000 1.951334 -1.255309 -0.391465
80.200000 1.881251 -1.542753 -0.388515
80.250000 1.797059 -1.818626 -0.386179
80.300000 1.699389 -2.080860 -0.384526
80.350000 1.588973 -2.327487 -0.383607
80.400000 1.466640 -2.556658 -0.383448
80.450000 1.333307 -2.766654 -0.384054
80.500000 1.189975 -2.955900 -0.385407
80.550000 1.037717 -3.122977 -0.387467
80.600000 0.877677 -3.266632 -0.390172
80.650000 0.711054 -3.385787 -0.393440
80.700000 0.539098 -3.479548 -0.397175
80.750000 0.363099 -3.547213 -0.401264
80.800000 0.184377 -3.588273 -0.405585
80.850000 0.004272 -3.602422 -0.410009
80.900000 -0.175865 -3.589553 -0.414402
80.950000 -0.354683 -3.549762 -0.418634
81.000000 -0.530841 -3.483347 -0.422577
81.050000 -0.703018 -3.390808 -0.426114
81.100000 -0.869922 -3.272837 -0.429139
81.150000 -1.030302 -3.130320 -0.431561
81.200000 -1.182954 -2.964326 -0.433307
81.250000 -1.326734 -2.776100 -0.434326
81.300000 -1.460564 -2.567052 -0.434586
81.350000 -1.583440 -2.338752 -0.434081
81.400000 -1.694439 -2.092911 -0.432825
81.450000 -1.792731 -1.831373 -0.430855
81.500000 -1.877577 -1.556100 -0.428232
81.550000 -1.948341 -1.269156 -0.425032
81.600000 -2.004492 -0.972694 -0.421353
81.650000 -2.045610 -0.668936 -0.417304
81.700000 -2.071386 -0.360162 -0.413006
81.750000 -2.081626 -0.048686 -0.408589
81.800000 -2.076254 0.263155 -0.404184
81.850000 -2.055311 0.573023 -0.399923
81.900000 -2.018952 0.878593 -0.395935
81.950000 -1.967451 1.177573 -0.392338
82.000000 -1.901195 1.467721 -0.389240
82.050000 -1.820679 1.746862 -0.386733
82.100000 -1.726509 2.012901 -0.384894
82.150000 -1.619389 2.263843 -0.383777
82.200000 -1.500124 2.497807 -0.383415
82.250000 -1.369609 2.713037 -0.383819
82.300000 -1.228821 2.907919 -0.384978
82.350000 -1.078817 3.080992 -0.386856
82.400000 -0.920722 3.230957 -0.389397
82.450000 -0.755721 3.356690 -0.392526
82.500000 -0.585052 3.457248 -0.396148
82.550000 -0.409996 3.531877 -0.400155
82.600000 -0.231865 3.580017 -0.404427
82.650000 -0.051994 3.601306 -0.408836
82.700000 0.128266 3.595586 -0.413250
82.750000 0.307564 3.562898 -0.417537
82.800000 0.484556 3.503489 -0.421568
82.850000 0.657913 3.417804 -0.425224
82.900000 0.826336 3.306486 -0.428394
82.950000 0.988562 3.170368 -0.430983
83.000000 1.143373 3.010473 -0.432914
83.050000 1.289609 2.828000 -0.434129
83.100000 1.426173 2.624316 -0.434592
83.150000 1.552041 2.400950 -0.434289
83.200000 1.666268 2.159577 -0.433229
83.250000 1.767998 1.902007 -0.431443
83.300000 1.856469 1.630172 -0.428986
83.350000 1.931015 1.346111 -0.425930
83.400000 1.991080 1.051953 -0.422367
83.450000 2.036211 0.749907 -0.418405
83.500000 2.066070 0.442236 -0.414161
83.550000 2.080434 0.131248 -0.409762
83.600000 2.079195 -0.180724 -0.405341
83.650000 2.062362 -0.491341 -0.401030
83.700000 2.030061 -0.798273 -0.396957
83.750000 1.982535 -1.099218 -0.393245
83.800000 1.920139 -1.391918 -0.390005
83.850000 1.843343 -1.674179 -0.387335
83.900000 1.752721 -1.943884 -0.385313
83.950000 1.648954 -2.199010 -0.384000
84.000000 1.532820 -2.437643 -0.383436
84.050000 1.405190 -2.657994 -0.383638
84.100000 1.267021 -2.858409 -0.384600
84.150000 1.119349 -3.037387 -0.386292
84.200000 0.963282 -3.193584 -0.388664
84.250000 0.799991 -3.325830 -0.391646
84.300000 0.630699 -3.433132 -0.395147
84.350000 0.456677 -3.514685 -0.399063
84.400000 0.279231 -3.569878 -0.403277
84.450000 0.099690 -3.598297 -0.407663
84.500000 -0.080599 -3.599729 -0.412089
84.550000 -0.260283 -3.574163 -0.416422
84.600000 -0.438015 -3.521790 -0.420533
84.650000 -0.612462 -3.443004 -0.424299
84.700000 -0.782316 -3.338396 -0.427608
84.750000 -0.946302 -3.208750 -0.430359
84.800000 -1.103191 -3.055038 -0.432471
84.850000 -1.251806 -2.878413 -0.433880
84.900000 -1.391032 -2.680200 -0.434544
84.950000 -1.519826 -2.461886 -0.434444
85.000000 -1.637221 -2.225108 -0.433582
85.050000 -1.742336 -1.971641 -0.431984
85.100000 -1.834385 -1.703387 -0.429697
85.150000 -1.912675 -1.422357 -0.426792
85.200000 -1.976620 -1.130660 -0.423354
85.250000 -2.025741 -0.830483 -0.419486
85.300000 -2.059669 -0.524077 -0.415304
85.350000 -2.078149 -0.213741 -0.410934
85.400000 -2.081043 0.098199 -0.406506
85.450000 -2.068329 0.409401 -0.402153
85.500000 -2.040103 0.717534 -0.398005
85.550000 -1.996576 1.020285 -0.394186
85.600000 -1.938074 1.315383 -0.390811
85.650000 -1.865037 1.600617 -0.387981
85.700000 -1.778013 1.873845 -0.385781
85.750000 -1.677653 2.133020 -0.384276
85.800000 -1.564710 2.376198 -0.383511
85.850000 -1.440033 2.601553 -0.383510
85.900000 -1.304555 2.807397 -0.384272
85.950000 -1.159293 2.992186 -0.385775
86.000000 -1.005337 3.154533 -0.387974
86.050000 -0.843840 3.293222 -0.390802
86.100000 -0.676014 3.407211 -0.394175
86.150000 -0.503119 3.495646 -0.397993
86.200000 -0.326450 3.557863 -0.402140
86.250000 -0.147332 3.593397 -0.406493
86.300000 0.032890 3.601980 -0.410921
86.350000 0.212866 3.583548 -0.415291
86.400000 0.391245 3.538240 -0.419474
86.450000 0.566690 3.466395 -0.423343
86.500000 0.737884 3.368552 -0.426782
86.550000 0.903545 3.245445 -0.429690
86.600000 1.062429 3.097997 -0.431978
86.650000 1.213344 2.927314 -0.433578
86.700000 1.355160 2.734676 -0.434442
86.750000 1.486812 2.521528 -0.434545
86.800000 1.607313 2.289469 -0.433883
86.850000 1.715759 2.040238 -0.432476
86.900000 1.811337 1.775706 -0.430366
86.950000 1.893330 1.497856 -0.427616
87.000000 1.961122 1.208772 -0.424310
87.050000 2.014207 0.910623 -0.420545
87.100000 2.052185 0.605643 -0.416434
87.150000 2.074771 0.296122 -0.412101
87.200000 2.081797 -0.015621 -0.407676
87.250000 2.073209 -0.327246 -0.403290
87.300000 2.049072 -0.636418 -0.399075
87.350000 2.009567 -0.940815 -0.395158
87.400000 1.954991 -1.238157 -0.391655
87.450000 1.885752 -1.526213 -0.388672
87.500000 1.802369 -1.802822 -0.386298
87.550000 1.705469 -2.065910 -0.384603
87.600000 1.595778 -2.313504 -0.383640
87.650000 1.474119 -2.543746 -0.383436
87.700000 1.341404 -2.754910 -0.383997
87.750000 1.198628 -2.945412 -0.385308
87.800000 1.046863 -3.113824 -0.387328
87.850000 0.887246 -3.258882 -0.389997
87.900000 0.720974 -3.379499 -0.393235
87.950000 0.549296 -3.474769 -0.396946
88.000000 0.373497 -3.543979 -0.401017
88.050000 0.194898 -3.586608 -0.405328
88.100000 0.014837 -3.602338 -0.409749
88.150000 -0.165336 -3.591051 -0.414148
88.200000 -0.344269 -3.552830 -0.418393
88.250000 -0.520619 -3.487964 -0.422356
88.300000 -0.693065 -3.396938 -0.425920
88.350000 -0.860313 -3.280434 -0.428977
88.400000 -1.021108 -3.139328 -0.431437
88.450000 -1.174246 -2.974676 -0.433224
88.500000 -1.318576 -2.787715 -0.434287
88.550000 -1.453017 -2.579845 -0.434592
88.600000 -1.576560 -2.352627 -0.434132
88.650000 -1.688280 -2.107764 -0.432919
88.700000 -1.787337 -1.847092 -0.430989
88.750000 -1.872989 -1.572568 -0.428402
88.800000 -1.944594 -1.286249 -0.425234
88.850000 -2.001614 -0.990284 -0.421580
88.900000 -2.043622 -0.686891 -0.417549
88.950000 -2.070303 -0.378347 -0.413262
89.000000 -2.081457 -0.066965 -0.408849
89.050000 -2.076999 0.244919 -0.404439
89.100000 -2.056965 0.554967 -0.400167
89.150000 -2.021503 0.860852 -0.396159
89.200000 -1.970880 1.160281 -0.392536
89.250000 -1.905475 1.451007 -0.389406
89.300000 -1.825779 1.730851 -0.386863
89.350000 -1.732390 1.997714 -0.384982
89.400000 -1.626007 2.249594 -0.383822
89.450000 -1.507430 2.484601 -0.383415
89.500000 -1.377547 2.700975 -0.383775
89.550000 -1.237333 2.897091 -0.384890
89.600000 -1.087838 3.071479 -0.386727
89.650000 -0.930185 3.222830 -0.389231
89.700000 -0.765555 3.350011 -0.392328
89.750000 -0.595184 3.452066 -0.395924
89.800000 -0.420349 3.528231 -0.399911
89.850000 -0.242361 3.577934 -0.404171
89.900000 -0.062555 3.600803 -0.408576
89.950000 0.117720 3.596666 -0.412993
90.000000 0.297111 3.565553 -0.417291
90.050000 0.474275 3.507699 -0.421341
90.100000 0.647881 3.423538 -0.425022
90.150000 0.816629 3.313699 -0.428223
90.200000 0.979251 3.179008 -0.430849
90.250000 1.134529 3.020475 -0.432820
90.300000 1.281299 2.839288 -0.434078
90.350000 1.418458 2.636806 -0.434586
90.400000 1.544979 2.414548 -0.434328
90.450000 1.659913 2.174181 -0.433311
90.500000 1.762397 1.917508 -0.431567
90.550000 1.851664 1.646453 -0.429147
90.600000 1.927043 1.363050 -0.426124
90.650000 1.987969 1.069424 -0.422588
90.700000 2.033985 0.767778 -0.418646
90.750000 2.064747 0.460373 -0.414415
90.800000 2.080023 0.149515 -0.410022
90.850000 2.079698 -0.162464 -0.405598
90.900000 2.063776 -0.473224 -0.401277
90.950000 2.032376 -0.780436 -0.397187
91.000000 1.985733 -1.081794 -0.393451
91.050000 1.924196 -1.375039 -0.390180
91.100000 1.848229 -1.657970 -0.387474
91.150000 1.758399 -1.928468 -0.385412
91.200000 1.655382 -2.184501 -0.384057
91.250000 1.539949 -2.424151 -0.383448
91.300000 1.412967 -2.645620 -0.383605
91.350000 1.275387 -2.847246 -0.384523
91.400000 1.128242 -3.027518 -0.386173
91.450000 0.972635 -3.185084 -0.388508
91.500000 0.809734 -3.318762 -0.391456
91.550000 0.640759 -3.427549 -0.394929
91.600000 0.466979 -3.510629 -0.398824
91.650000 0.289696 -3.567380 -0.403024
91.700000 0.110241 -3.597375 -0.407403
91.750000 -0.070041 -3.600390 -0.411831
91.800000 -0.249798 -3.576402 -0.416173
91.850000 -0.427681 -3.525591 -0.420301
91.900000 -0.602357 -3.448338 -0.424090
91.950000 -0.772515 -3.345223 -0.427428
92.000000 -0.936880 -3.217018 -0.430215
92.050000 -1.094217 -3.064686 -0.432366
92.100000 -1.243348 -2.889369 -0.433817
92.150000 -1.383154 -2.692381 -0.434526
92.200000 -1.512586 -2.475201 -0.434471
92.250000 -1.630674 -2.239456 -0.433653
92.300000 -1.736532 -1.986916 -0.432097
92.350000 -1.829366 -1.719473 -0.429849
92.400000 -1.908479 -1.439135 -0.426978
92.450000 -1.973279 -1.148003 -0.423568
92.500000 -2.023279 -0.848261 -0.419722
92.550000 -2.058105 -0.542157 -0.415555
92.600000 -2.077495 -0.231987 -0.411193
92.650000 -2.081304 0.079923 -0.406764
92.700000 -2.069503 0.391233 -0.402403
92.750000 -2.042181 0.699609 -0.398240
92.800000 -1.999542 1.002739 -0.394399
92.850000 -1.941907 1.298347 -0.390995
92.900000 -1.869707 1.584218 -0.388130
92.950000 -1.783485 1.858208 -0.385891
93.000000 -1.683887 2.118261 -0.384344
93.050000 -1.571659 2.362427 -0.383535
93.100000 -1.447644 2.588874 -0.383489
93.150000 -1.312771 2.795905 -0.384207
93.200000 -1.168053 2.981967 -0.385668
93.250000 -1.014575 3.145664 -0.387827
93.300000 -0.853487 3.285769 -0.390620
93.350000 -0.685998 3.401230 -0.393965
93.400000 -0.513364 3.491182 -0.397759
93.450000 -0.336880 3.554951 -0.401890
93.500000 -0.157869 3.592057 -0.406234
93.550000 0.022326 3.602223 -0.410662
93.600000 0.202353 3.585372 -0.415039
93.650000 0.380863 3.541630 -0.419236
93.700000 0.556517 3.471327 -0.423127
93.750000 0.727996 3.374988 -0.426595
93.800000 0.894015 3.253338 -0.429536
93.850000 1.053330 3.107287 -0.431862
93.900000 1.204744 2.937931 -0.433504
93.950000 1.347123 2.746541 -0.434412
94.000000 1.479398 2.534552 -0.434560
94.050000 1.600578 2.303554 -0.433942
94.100000 1.709754 2.055279 -0.432578
94.150000 1.806106 1.791590 -0.430508
94.200000 1.888912 1.514463 -0.427794
94.250000 1.957552 1.225978 -0.424517
94.300000 2.011510 0.928299 -0.420776
94.350000 2.050382 0.623657 -0.416682
94.400000 2.073876 0.314337 -0.412359
94.450000 2.081816 0.002660 -0.407935
94.500000 2.074142 -0.309036 -0.403543
94.550000 2.050912 -0.618415 -0.399315
94.600000 2.012300 -0.923156 -0.395377
94.650000 1.958597 -1.220974 -0.391847
94.700000 1.890203 -1.509634 -0.388831
94.750000 1.807633 -1.786971 -0.386419
94.800000 1.711506 -2.050907 -0.384683
94.850000 1.602543 -2.299460 -0.383675
94.900000 1.481560 -2.530768 -0.383427
94.950000 1.349466 -2.743095 -0.383943
95.000000 1.207250 -2.934849 -0.385211
95.050000 1.055981 -3.104591 -0.387191
95.100000 0.896791 -3.251049 -0.389824
95.150000 0.730876 -3.373124 -0.393031
95.200000 0.559479 -3.469901 -0.396717
95.250000 0.383886 -3.540653 -0.400771
95.300000 0.205414 -3.584850 -0.405071
95.350000 0.025401 -3.602162 -0.409489
95.400000 -0.154803 -3.592456 -0.413893
95.450000 -0.333845 -3.555808 -0.418150
95.500000 -0.510383 -3.492491 -0.422134
95.550000 -0.683094 -3.402980 -0.425724
95.600000 -0.850681 -3.287947 -0.428814
95.650000 -1.011889 -3.148254 -0.431311
95.700000 -1.165507 -2.984949 -0.433139
95.750000 -1.310384 -2.799258 -0.434245
95.800000 -1.445433 -2.592571 -0.434596
95.850000 -1.569641 -2.366441 -0.434180
95.900000 -1.682077 -2.122562 -0.433010
95.950000 -1.781897 -1.862764 -0.431121
96.000000 -1.868353 -1.588995 -0.428570
96.050000 -1.940796 -1.303309 -0.425434
96.100000 -1.998684 -1.007848 -0.421805
96.150000 -2.041581 -0.704828 -0.417793
96.200000 -2.069167 -0.396522 -0.413518
96.250000 -2.081234 -0.085242 -0.409108
96.300000 -2.077691 0.226677 -0.404695
96.350000 -2.058566 0.536896 -0.400411
96.400000 -2.024001 0.843089 -0.396384
96.450000 -1.974257 1.142958 -0.392735
96.500000 -1.909706 1.434256 -0.389574
96.550000 -1.830831 1.714796 -0.386994
96.600000 -1.738226 1.982475 -0.385073
96.650000 -1.632584 2.235286 -0.383869
96.700000 -1.514697 2.471332 -0.383418
96.750000 -1.385451 2.688843 -0.383733
96.800000 -1.245813 2.886188 -0.384804
96.850000 -1.096832 3.061886 -0.386600
96.900000 -0.939624 3.214620 -0.389068
96.950000 -0.775370 3.343245 -0.392132
97.000000 -0.605300 3.446795 -0.395701
97.050000 -0.430690 3.524494 -0.399669
97.100000 -0.252850 3.575760 -0.403916
97.150000 -0.073114 3.600207 -0.408316
97.200000 0.107170 3.597653 -0.412737
97.250000 0.286651 3.568117 -0.417045
97.300000 0.463982 3.511819 -0.421113
97.350000 0.637833 3.429183 -0.424819
97.400000 0.806900 3.320828 -0.428051
97.450000 0.969916 3.187567 -0.430712
97.500000 1.125657 3.030399 -0.432724
97.550000 1.272956 2.850503 -0.434025
97.600000 1.410707 2.649228 -0.434577
97.650000 1.537878 2.428084 -0.434364
97.700000 1.653516 2.188730 -0.433391
97.750000 1.756751 1.932960 -0.431688
97.800000 1.846812 1.662693 -0.429306
97.850000 1.923021 1.379955 -0.426316
97.900000 1.984807 1.086868 -0.422807
97.950000 2.031707 0.785629 -0.418886
98.000000 2.063370 0.478499 -0.414668
98.050000 2.079557 0.167779 -0.410281
98.100000 2.080148 -0.144199 -0.405856
98.150000 2.065137 -0.455095 -0.401525
98.200000 2.034638 -0.762578 -0.397418
98.250000 1.988880 -1.064342 -0.393658
98.300000 1.928204 -1.358124 -0.390357
98.350000 1.853067 -1.641719 -0.387615
98.400000 1.764032 -1.913001 -0.385514
98.450000 1.661767 -2.169936 -0.384116
98.500000 1.547039 -2.410597 -0.383463
98.550000 1.420707 -2.633178 -0.383575
98.600000 1.283721 -2.836010 -0.384448
98.650000 1.137106 -3.017572 -0.386057
98.700000 0.981964 -3.176502 -0.388353
98.750000 0.819456 -3.311609 -0.391268
98.800000 0.650803 -3.421878 -0.394713
98.850000 0.477268 -3.506483 -0.398587
98.900000 0.300154 -3.564790 -0.402772
98.950000 0.120789 -3.596361 -0.407144
99.000000 -0.059482 -3.600959 -0.411572
99.050000 -0.239306 -3.578550 -0.415923
99.100000 -0.417337 -3.529302 -0.420067
99.150000 -0.592237 -3.453584 -0.423880
99.200000 -0.762695 -3.351964 -0.427247
99.250000 -0.927433 -3.225204 -0.430068
99.300000 -1.085215 -3.074256 -0.432258
99.350000 -1.234859 -2.900250 -0.433752
99.400000 -1.375240 -2.704493 -0.434506
99.450000 -1.505308 -2.488451 -0.434495
99.500000 -1.624086 -2.253747 -0.433721
99.550000 -1.730683 -2.002139 -0.432207
99.600000 -1.824299 -1.735516 -0.429999
99.650000 -1.904234 -1.455876 -0.427162
99.700000 -1.969887 -1.165317 -0.423781
99.750000 -2.020766 -0.866018 -0.419957
99.800000 -2.056489 -0.560224 -0.415806
99.850000 -2.076788 -0.250228 -0.411451
99.900000 -2.081512 0.061645 -0.407023
99.950000 -2.070624 0.373055 -0.402654
100.000000 -2.044206 0.681667 -0.398476
