#Posizione iniziale=2.000000
#Velocita' iniziale=1.000000
#Pulsazione al quadrato=3.000000
#Tempo massimo di integrazione=100.000000
#Passo di tempo=0.050000
#E' stato utilizzato l'algoritmo Verlet Posizioni
#Legenda
#1:t 2:x 3:v 4:dE
0 2.000000 1.000000 0
0.050000 2.050000 0.846250 -0.421994
0.100000 2.084625 0.536153 -0.413865
0.150000 2.103615 0.222035 -0.405169
0.200000 2.106829 -0.093748 -0.396165
0.250000 2.094240 -0.408828 -0.387122
0.300000 2.065946 -0.720842 -0.378312
0.350000 2.022156 -1.027450 -0.369998
0.400000 1.963201 -1.326352 -0.362429
0.450000 1.889521 -1.615306 -0.355833
0.500000 1.801670 -1.892145 -0.350405
0.550000 1.700307 -2.154793 -0.346310
0.600000 1.586191 -2.401281 -0.343669
0.650000 1.460178 -2.629758 -0.342562
0.700000 1.323215 -2.838513 -0.343022
0.750000 1.176327 -3.025979 -0.345035
0.800000 1.020617 -3.190749 -0.348540
0.850000 0.857252 -3.331590 -0.353433
0.900000 0.687458 -3.447443 -0.359568
0.950000 0.512508 -3.537440 -0.366760
1.000000 0.333714 -3.600907 -0.374794
1.050000 0.152417 -3.637367 -0.383430
1.100000 -0.030023 -3.646546 -0.392409
1.150000 -0.212237 -3.628377 -0.401463
1.200000 -0.392860 -3.582995 -0.410319
1.250000 -0.570537 -3.510740 -0.418713
1.300000 -0.743934 -3.412154 -0.426394
1.350000 -0.911752 -3.287978 -0.433131
1.400000 -1.072732 -3.139142 -0.438723
1.450000 -1.225666 -2.966762 -0.443003
1.500000 -1.369408 -2.772131 -0.445842
1.550000 -1.502880 -2.556710 -0.447154
1.600000 -1.625079 -2.322113 -0.446902
1.650000 -1.735091 -2.070100 -0.445093
1.700000 -1.832089 -1.802561 -0.441780
1.750000 -1.915347 -1.521504 -0.437062
1.800000 -1.984240 -1.229035 -0.431082
1.850000 -2.038250 -0.927348 -0.424018
1.900000 -2.076974 -0.618706 -0.416082
1.950000 -2.100121 -0.305424 -0.407511
2.000000 -2.107517 0.010149 -0.398562
2.050000 -2.099106 0.325646 -0.389503
2.100000 -2.074952 0.638700 -0.380606
2.150000 -2.035236 0.946964 -0.372135
2.200000 -1.980256 1.248126 -0.364346
2.250000 -1.910424 1.539927 -0.357472
2.300000 -1.826263 1.820179 -0.351718
2.350000 -1.728406 2.086779 -0.347257
2.400000 -1.617585 2.337728 -0.344221
2.450000 -1.494633 2.571144 -0.342703
2.500000 -1.360471 2.785277 -0.342748
2.550000 -1.216105 2.978520 -0.344353
2.600000 -1.062619 3.149425 -0.347472
2.650000 -0.901163 3.296708 -0.352011
2.700000 -0.732948 3.419267 -0.357833
2.750000 -0.559236 3.516180 -0.364765
2.800000 -0.381330 3.586723 -0.372599
2.850000 -0.200564 3.630365 -0.381101
2.900000 -0.018293 3.646779 -0.390015
2.950000 0.164114 3.635843 -0.399075
3.000000 0.345291 3.597637 -0.408009
3.050000 0.523878 3.532450 -0.416551
3.100000 0.698536 3.440769 -0.424444
3.150000 0.867955 3.323282 -0.431452
3.200000 1.030864 3.180870 -0.437365
3.250000 1.186042 3.014602 -0.442006
3.300000 1.332324 2.825725 -0.445236
3.350000 1.468614 2.615655 -0.446959
3.400000 1.593890 2.385967 -0.447122
3.450000 1.707211 2.138384 -0.445721
3.500000 1.807728 1.874764 -0.442798
3.550000 1.894687 1.597083 -0.438440
3.600000 1.967436 1.307423 -0.432778
3.650000 2.025430 1.007958 -0.425982
3.700000 2.068232 0.700934 -0.418254
3.750000 2.095523 0.388652 -0.409827
3.800000 2.107097 0.073456 -0.400952
3.850000 2.102869 -0.242292 -0.391896
3.900000 2.082868 -0.556222 -0.382929
3.950000 2.047246 -0.865981 -0.374321
4.000000 1.996270 -1.169244 -0.366328
4.050000 1.930322 -1.463739 -0.359190
4.100000 1.849896 -1.747255 -0.353121
4.150000 1.755596 -2.017667 -0.348303
4.200000 1.648130 -2.272947 -0.344880
4.250000 1.528302 -2.511179 -0.342954
4.300000 1.397012 -2.730577 -0.342583
4.350000 1.255244 -2.929497 -0.343778
4.400000 1.104062 -3.106445 -0.346504
4.450000 0.944600 -3.260094 -0.350679
4.500000 0.778053 -3.389293 -0.356177
4.550000 0.605670 -3.493072 -0.362834
4.600000 0.428745 -3.570653 -0.370451
4.650000 0.248605 -3.621455 -0.378800
4.700000 0.066600 -3.645095 -0.387630
4.750000 -0.115905 -3.641397 -0.396678
4.800000 -0.297540 -3.610389 -0.405672
4.850000 -0.476943 -3.552303 -0.414343
4.900000 -0.652770 -3.467574 -0.422432
4.950000 -0.823701 -3.356839 -0.429696
5.000000 -0.988454 -3.220927 -0.435917
5.050000 -1.145794 -3.060859 -0.440910
5.100000 -1.294540 -2.877834 -0.444525
5.150000 -1.433577 -2.673225 -0.446653
5.200000 -1.561862 -2.448567 -0.447231
5.250000 -1.678434 -2.205545 -0.446242
5.300000 -1.782417 -1.945981 -0.443715
5.350000 -1.873032 -1.671822 -0.439726
5.400000 -1.949599 -1.385125 -0.434395
5.450000 -2.011544 -1.088039 -0.427880
5.500000 -2.058403 -0.782793 -0.420377
5.550000 -2.089824 -0.471676 -0.412112
5.600000 -2.105571 -0.157022 -0.403330
5.650000 -2.105526 0.158811 -0.394295
5.700000 -2.089690 0.473452 -0.385279
5.750000 -2.058181 0.784542 -0.376549
5.800000 -2.011235 1.089748 -0.368369
5.850000 -1.949206 1.386781 -0.360983
5.900000 -1.872557 1.673413 -0.354613
5.950000 -1.781864 1.947495 -0.349448
6.000000 -1.677808 2.206971 -0.345644
6.050000 -1.561167 2.449894 -0.343314
6.100000 -1.432818 2.674443 -0.342528
6.150000 -1.293723 2.878933 -0.343311
6.200000 -1.144925 3.061832 -0.345638
6.250000 -0.987540 3.221767 -0.349439
6.300000 -0.822748 3.357538 -0.354601
6.350000 -0.651786 3.468128 -0.360970
6.400000 -0.475935 3.552707 -0.368354
6.450000 -0.296515 3.610641 -0.376533
6.500000 -0.114871 3.641495 -0.385261
6.550000 0.067634 3.645038 -0.394278
6.600000 0.249632 3.621243 -0.403313
6.650000 0.429758 3.570289 -0.412095
6.700000 0.606661 3.492557 -0.420362
6.750000 0.779014 3.388632 -0.427866
6.800000 0.945524 3.259291 -0.434383
6.850000 1.104943 3.105506 -0.439717
6.900000 1.256075 2.928430 -0.443709
6.950000 1.397786 2.729390 -0.446239
7.000000 1.529014 2.509880 -0.447231
7.050000 1.648774 2.271546 -0.446656
7.100000 1.756169 2.016175 -0.444530
7.150000 1.850392 1.745683 -0.440918
7.200000 1.930737 1.462099 -0.435928
7.250000 1.996602 1.167548 -0.429709
7.300000 2.047492 0.864241 -0.422447
7.350000 2.083026 0.554452 -0.414360
7.400000 2.102937 0.240505 -0.405689
7.450000 2.107076 -0.075246 -0.396696
7.500000 2.095412 -0.390433 -0.387648
7.550000 2.068033 -0.702691 -0.378817
7.600000 2.025143 -1.009679 -0.370467
7.650000 1.967065 -1.309095 -0.362848
7.700000 1.894234 -1.598692 -0.356189
7.750000 1.807196 -1.876300 -0.350688
7.800000 1.706604 -2.139835 -0.346511
7.850000 1.593212 -2.387321 -0.343782
7.900000 1.467872 -2.616902 -0.342584
7.950000 1.331522 -2.826857 -0.342952
8.000000 1.185186 -3.015610 -0.344875
8.050000 1.029961 -3.181746 -0.348295
8.100000 0.867012 -3.324019 -0.353111
8.150000 0.697559 -3.441362 -0.359177
8.200000 0.522875 -3.532894 -0.366313
8.250000 0.344270 -3.597930 -0.374305
8.300000 0.163082 -3.635982 -0.382912
8.350000 -0.019328 -3.646763 -0.391879
8.400000 -0.201594 -3.630194 -0.400935
8.450000 -0.382348 -3.586398 -0.409810
8.500000 -0.560234 -3.515705 -0.418239
8.550000 -0.733918 -3.418643 -0.425968
8.600000 -0.902098 -3.295942 -0.432766
8.650000 -1.063512 -3.148521 -0.438430
8.700000 -1.216950 -2.977487 -0.442791
8.750000 -1.361261 -2.784121 -0.445717
8.800000 -1.495362 -2.569874 -0.447121
8.850000 -1.618248 -2.336353 -0.446960
8.900000 -1.728998 -2.085310 -0.445241
8.950000 -1.826779 -1.818627 -0.442014
9.000000 -1.910860 -1.538304 -0.437375
9.050000 -1.980610 -1.246443 -0.431464
9.100000 -2.035505 -0.945235 -0.424458
9.150000 -2.075133 -0.636937 -0.416567
9.200000 -2.099198 -0.323862 -0.408026
9.250000 -2.107519 -0.008358 -0.399092
9.300000 -2.100034 0.307208 -0.390032
9.350000 -2.076799 0.620471 -0.381118
9.400000 -2.037987 0.929080 -0.372615
9.450000 -1.983891 1.230720 -0.364780
9.500000 -1.914915 1.523131 -0.357846
9.550000 -1.831578 1.804118 -0.352021
9.600000 -1.734503 2.071574 -0.347480
9.650000 -1.624420 2.323493 -0.344358
9.700000 -1.502154 2.557986 -0.342749
9.750000 -1.368622 2.773294 -0.342702
9.800000 -1.224825 2.967803 -0.344217
9.850000 -1.071841 3.140053 -0.347249
9.900000 -0.910819 3.288752 -0.351708
9.950000 -0.742966 3.412786 -0.357460
10.000000 -0.569541 3.511224 -0.364332
10.050000 -0.391844 3.583328 -0.372120
10.100000 -0.211208 3.628557 -0.380589
10.150000 -0.028988 3.646572 -0.389486
10.200000 0.153449 3.637237 -0.398545
10.250000 0.334736 3.600623 -0.407494
10.300000 0.513512 3.537004 -0.416066
10.350000 0.688436 3.446858 -0.424004
10.400000 0.858197 3.330861 -0.431070
10.450000 1.021522 3.189882 -0.437052
10.500000 1.177186 3.024979 -0.441772
10.550000 1.324020 2.837388 -0.445088
10.600000 1.460924 2.628518 -0.446900
10.650000 1.586872 2.399933 -0.447156
10.700000 1.700918 2.153349 -0.445846
10.750000 1.802207 1.890614 -0.443010
10.800000 1.889979 1.613700 -0.438733
10.850000 1.963577 1.324684 -0.433143
10.900000 2.022448 1.025732 -0.426408
10.950000 2.066150 0.719087 -0.418729
11.000000 2.094356 0.407049 -0.410336
11.050000 2.106855 0.091958 -0.401480
11.100000 2.103552 -0.223822 -0.392427
11.150000 2.084473 -0.537924 -0.383447
11.200000 2.049760 -0.847992 -0.374811
11.250000 1.999673 -1.151699 -0.366775
11.300000 1.934590 -1.446769 -0.359581
11.350000 1.854997 -1.730988 -0.353444
11.400000 1.761491 -2.002224 -0.348548
11.450000 1.654774 -2.258444 -0.345040
11.500000 1.535647 -2.497726 -0.343024
11.550000 1.405002 -2.718274 -0.342562
11.600000 1.263819 -2.918436 -0.343666
11.650000 1.113158 -3.096709 -0.346303
11.700000 0.954148 -3.251757 -0.350396
11.750000 0.787982 -3.382417 -0.355821
11.800000 0.615906 -3.487709 -0.362415
11.850000 0.439211 -3.566842 -0.369982
11.900000 0.259222 -3.619225 -0.378295
11.950000 0.077289 -3.644463 -0.387104
12.000000 -0.105224 -3.642368 -0.396147
12.050000 -0.286948 -3.612955 -0.405152
12.100000 -0.466520 -3.556445 -0.413849
12.150000 -0.642592 -3.473262 -0.421979
12.200000 -0.813846 -3.364029 -0.429297
12.250000 -0.978995 -3.229566 -0.435585
12.300000 -1.136802 -3.070881 -0.440654
12.350000 -1.286083 -2.889165 -0.444353
12.400000 -1.425719 -2.685779 -0.446571
12.450000 -1.554661 -2.462251 -0.447241
12.500000 -1.671944 -2.220255 -0.446343
12.550000 -1.776687 -1.961608 -0.443905
12.600000 -1.868105 -1.688249 -0.439998
12.650000 -1.945512 -1.402227 -0.434741
12.700000 -2.008328 -1.105690 -0.428291
12.750000 -2.056081 -0.800859 -0.420840
12.800000 -2.088413 -0.490022 -0.412612
12.850000 -2.105083 -0.175510 -0.403854
12.900000 -2.105964 0.140319 -0.394827
12.950000 -2.091051 0.455095 -0.385801
13.000000 -2.060455 0.766458 -0.377048
13.050000 -2.014405 1.072073 -0.368829
13.100000 -1.953248 1.369647 -0.361390
13.150000 -1.877441 1.656948 -0.354954
13.200000 -1.787553 1.931823 -0.349714
13.250000 -1.684258 2.192208 -0.345827
13.300000 -1.568332 2.436153 -0.343408
13.350000 -1.440643 2.661826 -0.342531
13.400000 -1.302149 2.867535 -0.343222
13.450000 -1.153890 3.051738 -0.345460
13.500000 -0.996976 3.213053 -0.349178
13.550000 -0.832584 3.350270 -0.354264
13.600000 -0.661949 3.462360 -0.360567
13.650000 -0.486348 3.548482 -0.367898
13.700000 -0.307100 3.607991 -0.376036
13.750000 -0.125549 3.640440 -0.384739
13.800000 0.056944 3.645585 -0.393746
13.850000 0.239009 3.623389 -0.402788
13.900000 0.419283 3.574017 -0.411592
13.950000 0.596411 3.497840 -0.419897
14.000000 0.769066 3.395429 -0.427452
14.050000 0.935954 3.267552 -0.434032
14.100000 1.095822 3.115169 -0.439441
14.150000 1.247471 2.939422 -0.443515
14.200000 1.389764 2.741630 -0.446133
14.250000 1.521634 2.523275 -0.447216
14.300000 1.642091 2.285995 -0.446733
14.350000 1.750233 2.031571 -0.444697
14.400000 1.845249 1.761910 -0.441169
14.450000 1.926424 1.479034 -0.436256
14.500000 1.993152 1.185066 -0.430104
14.550000 2.044931 0.882210 -0.422897
14.600000 2.081373 0.572737 -0.414852
14.650000 2.102205 0.258969 -0.406209
14.700000 2.107270 -0.056742 -0.397227
14.750000 2.096531 -0.372027 -0.388174
14.800000 2.070067 -0.684522 -0.379323
14.850000 2.028078 -0.991882 -0.370938
14.900000 1.970879 -1.291804 -0.363270
14.950000 1.898898 -1.582038 -0.356548
15.000000 1.812675 -1.860406 -0.350975
15.050000 1.712857 -2.124820 -0.346717
15.100000 1.600193 -2.373299 -0.343900
15.150000 1.475527 -2.603978 -0.342611
15.200000 1.339795 -2.815128 -0.342887
15.250000 1.194015 -3.005163 -0.344720
15.300000 1.039279 -3.172660 -0.348055
15.350000 0.876749 -3.316362 -0.352793
15.400000 0.707643 -3.435192 -0.358791
15.450000 0.533229 -3.528257 -0.365869
15.500000 0.354817 -3.594861 -0.373817
15.550000 0.173743 -3.634503 -0.382396
15.600000 -0.008633 -3.646886 -0.391348
15.650000 -0.190945 -3.631918 -0.400407
15.700000 -0.371825 -3.589710 -0.409300
15.750000 -0.549916 -3.520579 -0.417762
15.800000 -0.723883 -3.425044 -0.425539
15.850000 -0.892421 -3.303821 -0.432397
15.900000 -1.054265 -3.157820 -0.438133
15.950000 -1.208203 -2.988135 -0.442574
16.000000 -1.353079 -2.796039 -0.445587
16.050000 -1.487806 -2.582973 -0.447081
16.100000 -1.611376 -2.350534 -0.447013
16.150000 -1.722860 -2.100466 -0.445384
16.200000 -1.821422 -1.834645 -0.442243
16.250000 -1.906324 -1.555064 -0.437683
16.300000 -1.976929 -1.263820 -0.431843
16.350000 -2.032706 -0.963097 -0.424895
16.400000 -2.073239 -0.655152 -0.417050
16.450000 -2.098222 -0.342292 -0.408540
16.500000 -2.107468 -0.026865 -0.399622
16.550000 -2.100908 0.288763 -0.390562
16.600000 -2.078591 0.602225 -0.381631
16.650000 -2.040686 0.911171 -0.373097
16.700000 -1.987474 1.213283 -0.365216
16.750000 -1.919357 1.506295 -0.358223
16.800000 -1.836845 1.788011 -0.352328
16.850000 -1.740556 2.056316 -0.347708
16.900000 -1.631213 2.309198 -0.344500
16.950000 -1.509636 2.544762 -0.342801
17.000000 -1.376737 2.761240 -0.342661
17.050000 -1.233512 2.957009 -0.344086
17.100000 -1.081036 3.130600 -0.347031
17.150000 -0.920452 3.280712 -0.351410
17.200000 -0.752965 3.406218 -0.357090
17.250000 -0.579830 3.506178 -0.363902
17.300000 -0.402347 3.579841 -0.371642
17.350000 -0.221846 3.626655 -0.380078
17.400000 -0.039682 3.646270 -0.388958
17.450000 0.142781 3.638538 -0.398015
17.500000 0.324172 3.603516 -0.406978
17.550000 0.503132 3.541468 -0.415579
17.600000 0.678319 3.452859 -0.423561
17.650000 0.848418 3.338354 -0.430684
17.700000 1.012154 3.198811 -0.436735
17.750000 1.168299 3.035277 -0.441533
17.800000 1.315682 2.848979 -0.444934
17.850000 1.453197 2.641313 -0.446837
17.900000 1.579813 2.413837 -0.447184
17.950000 1.694581 2.168257 -0.445965
18.000000 1.796639 1.906416 -0.443217
18.050000 1.885222 1.630276 -0.439021
18.100000 1.959667 1.341910 -0.433504
18.150000 2.019413 1.043479 -0.426831
18.200000 2.064015 0.737222 -0.419201
18.250000 2.093136 0.425435 -0.410843
18.300000 2.106558 0.110458 -0.402007
18.350000 2.104181 -0.205347 -0.392958
18.400000 2.086023 -0.519613 -0.383967
18.450000 2.052220 -0.829981 -0.375302
18.500000 2.003025 -1.134124 -0.367225
18.550000 1.938808 -1.429762 -0.359975
18.600000 1.860049 -1.714676 -0.353771
18.650000 1.767340 -1.986730 -0.348798
18.700000 1.661376 -2.243884 -0.345205
18.750000 1.542952 -2.484208 -0.343100
18.800000 1.412955 -2.705901 -0.342545
18.850000 1.272362 -2.907300 -0.343558
18.900000 1.122225 -3.086894 -0.346108
18.950000 0.963672 -3.243337 -0.350118
19.000000 0.797892 -3.375454 -0.355469
19.050000 0.626127 -3.482255 -0.362000
19.100000 0.449666 -3.562940 -0.369516
19.150000 0.269833 -3.616902 -0.377792
19.200000 0.087976 -3.643738 -0.386579
19.250000 -0.094541 -3.643245 -0.395616
19.300000 -0.276349 -3.615429 -0.404630
19.350000 -0.456084 -3.560496 -0.413353
19.400000 -0.632398 -3.478860 -0.421523
19.450000 -0.803970 -3.371132 -0.428895
19.500000 -0.969512 -3.238121 -0.435249
19.550000 -1.127782 -3.080824 -0.440394
19.600000 -1.277594 -2.900421 -0.444176
19.650000 -1.417824 -2.698265 -0.446483
19.700000 -1.547420 -2.475871 -0.447245
19.750000 -1.665411 -2.234909 -0.446439
19.800000 -1.770911 -1.977185 -0.444089
19.850000 -1.863130 -1.704632 -0.440266
19.900000 -1.941375 -1.419294 -0.435084
19.950000 -2.005059 -1.123311 -0.428698
20.000000 -2.053706 -0.818904 -0.421300
20.050000 -2.086949 -0.508355 -0.413112
20.100000 -2.104541 -0.193993 -0.404377
20.150000 -2.106349 0.121824 -0.395358
20.200000 -2.092359 0.436727 -0.386325
20.250000 -2.062676 0.748354 -0.377549
20.300000 -2.017523 1.054369 -0.369291
20.350000 -1.957239 1.352476 -0.361800
20.400000 -1.882276 1.640440 -0.355300
20.450000 -1.793195 1.916100 -0.349985
20.500000 -1.690666 2.177390 -0.346015
20.550000 -1.575456 2.422349 -0.343508
20.600000 -1.448431 2.649141 -0.342539
20.650000 -1.310542 2.856064 -0.343138
20.700000 -1.162824 3.041566 -0.345287
20.750000 -1.006385 3.204257 -0.348921
20.800000 -0.842399 3.342916 -0.353931
20.850000 -0.672094 3.456503 -0.360167
20.900000 -0.496748 3.544166 -0.367444
20.950000 -0.317677 3.605248 -0.375541
21.000000 -0.136224 3.639290 -0.384219
21.050000 0.046252 3.646038 -0.393215
21.100000 0.228380 3.625441 -0.402262
21.150000 0.408796 3.577653 -0.411088
21.200000 0.586145 3.503032 -0.419428
21.250000 0.759099 3.402139 -0.427034
21.300000 0.926359 3.275729 -0.433677
21.350000 1.086672 3.124752 -0.439159
21.400000 1.238834 2.950339 -0.443315
21.450000 1.381706 2.753798 -0.446021
21.500000 1.514214 2.536604 -0.447196
21.550000 1.635366 2.300386 -0.446804
21.600000 1.744253 2.046914 -0.444858
21.650000 1.840058 1.778091 -0.441415
21.700000 1.922062 1.495932 -0.436580
21.750000 1.989651 1.202554 -0.430495
21.800000 2.042317 0.900156 -0.423345
21.850000 2.079667 0.591007 -0.415342
21.900000 2.101418 0.277426 -0.406727
21.950000 2.107409 -0.038236 -0.397757
22.000000 2.097595 -0.353611 -0.388702
22.050000 2.072048 -0.666335 -0.379831
22.100000 2.030961 -0.974060 -0.371412
22.150000 1.974642 -1.274480 -0.363695
22.200000 1.903513 -1.565342 -0.356912
22.250000 1.818108 -1.844464 -0.351267
22.300000 1.719067 -2.109752 -0.346927
22.350000 1.607133 -2.359217 -0.344024
22.400000 1.483145 -2.590987 -0.342644
22.450000 1.348034 -2.803326 -0.342828
22.500000 1.202812 -2.994639 -0.344570
22.550000 1.048570 -3.163493 -0.347820
22.600000 0.886463 -3.308621 -0.352479
22.650000 0.717708 -3.428933 -0.358408
22.700000 0.543570 -3.523529 -0.365429
22.750000 0.365355 -3.591699 -0.373332
22.800000 0.184400 -3.632930 -0.381880
22.850000 0.002062 -3.646915 -0.390818
22.900000 -0.180292 -3.633548 -0.399878
22.950000 -0.361293 -3.592929 -0.408789
23.000000 -0.539584 -3.525363 -0.417283
23.050000 -0.713829 -3.431357 -0.425106
23.100000 -0.882720 -3.311616 -0.432025
23.150000 -1.044991 -3.167037 -0.437831
23.200000 -1.199424 -2.998706 -0.442352
23.250000 -1.344861 -2.807885 -0.445451
23.300000 -1.480212 -2.596004 -0.447037
23.350000 -1.604462 -2.364654 -0.447060
23.400000 -1.716678 -2.115568 -0.445522
23.450000 -1.816019 -1.850616 -0.442467
23.500000 -1.901739 -1.571784 -0.437987
23.550000 -1.973197 -1.281164 -0.432217
23.600000 -2.029856 -0.980935 -0.425329
23.650000 -2.071291 -0.673349 -0.417530
23.700000 -2.097191 -0.360713 -0.409052
23.750000 -2.107362 -0.045372 -0.400151
23.800000 -2.101728 0.270310 -0.391091
23.850000 -2.080331 0.583964 -0.382146
23.900000 -2.043331 0.893239 -0.373582
23.950000 -1.991007 1.195815 -0.365655
24.000000 -1.923750 1.489421 -0.358604
24.050000 -1.842065 1.771857 -0.352640
24.100000 -1.746564 2.041005 -0.347941
24.150000 -1.637964 2.294844 -0.344647
24.200000 -1.517080 2.531473 -0.342858
24.250000 -1.384817 2.749115 -0.342626
24.300000 -1.242168 2.946139 -0.343960
24.350000 -1.090203 3.121067 -0.346818
24.400000 -0.930062 3.272586 -0.351116
24.450000 -0.762945 3.399562 -0.356724
24.500000 -0.590105 3.501041 -0.363476
24.550000 -0.412841 3.576262 -0.371167
24.600000 -0.232479 3.624661 -0.379569
24.650000 -0.050374 3.645875 -0.388430
24.700000 0.132108 3.639745 -0.397484
24.750000 0.313600 3.606316 -0.406460
24.800000 0.492740 3.545841 -0.415090
24.850000 0.668184 3.458772 -0.423115
24.900000 0.838617 3.345762 -0.430294
24.950000 1.002760 3.207658 -0.436413
25.000000 1.159383 3.045498 -0.441289
25.050000 1.307310 2.860496 -0.444775
25.100000 1.445432 2.654040 -0.446768
25.150000 1.572714 2.427679 -0.447207
25.200000 1.688200 2.183110 -0.446079
25.250000 1.791025 1.922168 -0.443419
25.300000 1.880417 1.646810 -0.439305
25.350000 1.955706 1.359101 -0.433861
25.400000 2.016327 1.061199 -0.427250
25.450000 2.061826 0.755337 -0.419670
25.500000 2.091861 0.443811 -0.411348
25.550000 2.106207 0.128955 -0.402533
25.600000 2.104756 -0.186867 -0.393489
25.650000 2.087520 -0.501288 -0.384487
25.700000 2.054628 -0.811949 -0.375796
25.750000 2.006325 -1.116520 -0.367677
25.800000 1.942976 -1.412718 -0.360373
25.850000 1.865054 -1.698320 -0.354102
25.900000 1.773144 -1.971185 -0.349053
25.950000 1.667935 -2.229266 -0.345375
26.000000 1.550217 -2.470627 -0.343181
26.050000 1.420872 -2.693459 -0.342535
26.100000 1.280871 -2.896090 -0.343456
26.150000 1.131264 -3.077000 -0.345917
26.200000 0.973171 -3.234832 -0.349845
26.250000 0.807780 -3.368404 -0.355121
26.300000 0.636331 -3.476712 -0.361588
26.350000 0.460109 -3.558945 -0.369053
26.400000 0.280436 -3.614486 -0.377290
26.450000 0.098661 -3.642918 -0.386055
26.500000 -0.083855 -3.644029 -0.395084
26.550000 -0.265742 -3.617809 -0.404107
26.600000 -0.445636 -3.564455 -0.412855
26.650000 -0.622188 -3.484369 -0.421064
26.700000 -0.794073 -3.378149 -0.428489
26.750000 -0.960003 -3.246593 -0.434908
26.800000 -1.118732 -3.090688 -0.440129
26.850000 -1.269072 -2.911603 -0.443995
26.900000 -1.409893 -2.710681 -0.446390
26.950000 -1.540140 -2.489428 -0.447243
27.000000 -1.658836 -2.249505 -0.446529
27.050000 -1.765090 -1.992711 -0.444268
27.100000 -1.858107 -1.720971 -0.440529
27.150000 -1.937187 -1.436324 -0.435422
27.200000 -2.001739 -1.140904 -0.429102
27.250000 -2.051278 -0.836928 -0.421758
27.300000 -2.085432 -0.526675 -0.413609
27.350000 -2.103945 -0.212472 -0.404899
27.400000 -2.106679 0.103325 -0.395889
27.450000 -2.093613 0.418347 -0.386850
27.500000 -2.064844 0.730231 -0.378051
27.550000 -2.020589 1.036639 -0.369756
27.600000 -1.961180 1.335272 -0.362214
27.650000 -1.887062 1.623890 -0.355650
27.700000 -1.798791 1.900329 -0.350261
27.750000 -1.697029 2.162515 -0.346208
27.800000 -1.582540 2.408483 -0.343613
27.850000 -1.456181 2.636387 -0.342553
27.900000 -1.318901 2.844518 -0.343060
27.950000 -1.171729 3.031316 -0.345119
28.000000 -1.015770 3.195378 -0.348669
28.050000 -0.852191 3.335475 -0.353602
28.100000 -0.682222 3.450556 -0.359771
28.150000 -0.507136 3.539758 -0.366992
28.200000 -0.328246 3.602412 -0.375049
28.250000 -0.146895 3.638047 -0.383699
28.300000 0.035559 3.646397 -0.392684
28.350000 0.217745 3.627400 -0.401735
28.400000 0.398298 3.581196 -0.410582
28.450000 0.575865 3.508134 -0.418958
28.500000 0.749112 3.408761 -0.426613
28.550000 0.916741 3.283822 -0.433319
28.600000 1.077494 3.134254 -0.438873
28.650000 1.230166 2.961180 -0.443111
28.700000 1.373612 2.765896 -0.445904
28.750000 1.506756 2.549869 -0.447170
28.800000 1.628599 2.314717 -0.446870
28.850000 1.738228 2.062205 -0.445014
28.900000 1.834819 1.794227 -0.441657
28.950000 1.917650 1.512791 -0.436899
29.000000 1.986099 1.220010 -0.430883
29.050000 2.039651 0.918079 -0.423789
29.100000 2.077907 0.609262 -0.415830
29.150000 2.100577 0.295876 -0.407244
29.200000 2.107494 -0.019729 -0.398288
29.250000 2.098605 -0.335187 -0.389230
29.300000 2.073975 -0.648130 -0.380341
29.350000 2.033792 -0.956213 -0.371888
29.400000 1.978354 -1.257124 -0.364123
29.450000 1.908079 -1.548606 -0.357280
29.500000 1.823494 -1.828474 -0.351563
29.550000 1.725232 -2.094629 -0.347143
29.600000 1.614031 -2.345073 -0.344153
29.650000 1.490724 -2.577930 -0.342681
29.700000 1.356238 -2.791452 -0.342774
29.750000 1.211579 -2.984038 -0.344426
29.800000 1.057834 -3.154244 -0.347590
29.850000 0.896155 -3.300793 -0.352169
29.900000 0.727755 -3.422587 -0.358028
29.950000 0.553896 -3.518710 -0.364991
30.000000 0.375883 -3.588444 -0.372849
30.050000 0.195052 -3.631264 -0.381366
30.100000 0.012757 -3.646850 -0.390289
30.150000 -0.169633 -3.635084 -0.399349
30.200000 -0.350751 -3.596055 -0.408276
30.250000 -0.529239 -3.530056 -0.416801
30.300000 -0.703757 -3.437581 -0.424671
30.350000 -0.872997 -3.319325 -0.431648
30.400000 -1.035689 -3.176173 -0.437525
30.450000 -1.190614 -3.009200 -0.442125
30.500000 -1.336609 -2.819659 -0.445311
30.550000 -1.472580 -2.608969 -0.446987
30.600000 -1.597506 -2.378713 -0.447102
30.650000 -1.710451 -2.130616 -0.445654
30.700000 -1.810568 -1.866540 -0.442686
30.750000 -1.897105 -1.588464 -0.438287
30.800000 -1.969414 -1.298475 -0.432588
30.850000 -2.026953 -0.998748 -0.425760
30.900000 -2.069289 -0.691529 -0.418008
30.950000 -2.096106 -0.379125 -0.409563
31.000000 -2.107202 -0.063877 -0.400679
31.050000 -2.102493 0.251850 -0.391622
31.100000 -2.082017 0.565689 -0.382662
31.150000 -2.045925 0.875284 -0.374068
31.200000 -1.994488 1.178315 -0.366098
31.250000 -1.928093 1.472509 -0.358989
31.300000 -1.847237 1.755659 -0.352956
31.350000 -1.752527 2.025641 -0.348178
31.400000 -1.644673 2.280431 -0.344799
31.450000 -1.524484 2.518118 -0.342920
31.500000 -1.392861 2.736919 -0.342596
31.550000 -1.250792 2.935193 -0.343839
31.600000 -1.099342 3.111453 -0.346610
31.650000 -0.939647 3.264377 -0.350827
31.700000 -0.772905 3.392818 -0.356362
31.750000 -0.600365 3.495814 -0.363052
31.800000 -0.423323 3.572590 -0.370695
31.850000 -0.243106 3.622572 -0.379062
31.900000 -0.061066 3.645385 -0.387903
31.950000 0.121432 3.640858 -0.396953
32.000000 0.303020 3.609024 -0.405941
32.050000 0.482335 3.550122 -0.414599
32.100000 0.658032 3.464595 -0.422666
32.150000 0.828794 3.353083 -0.429901
32.200000 0.993340 3.216423 -0.436088
32.250000 1.150436 3.055639 -0.441041
32.300000 1.298904 2.871939 -0.444612
32.350000 1.437630 2.666699 -0.446694
32.400000 1.565574 2.441458 -0.447224
32.450000 1.681776 2.197907 -0.446188
32.500000 1.785365 1.937872 -0.443615
32.550000 1.875563 1.663302 -0.439584
32.600000 1.951695 1.376258 -0.434214
32.650000 2.013189 1.078891 -0.427666
32.700000 2.059584 0.773433 -0.420137
32.750000 2.090532 0.462174 -0.411852
32.800000 2.105802 0.147449 -0.403058
32.850000 2.105277 -0.168382 -0.394020
32.900000 2.088964 -0.482950 -0.385008
32.950000 2.056982 -0.793896 -0.376292
33.000000 2.009574 -1.098887 -0.368133
33.050000 1.947094 -1.395637 -0.360774
33.100000 1.870010 -1.681920 -0.354437
33.150000 1.778902 -1.955589 -0.349312
33.200000 1.674451 -2.214590 -0.345551
33.250000 1.557443 -2.456982 -0.343267
33.300000 1.428753 -2.680947 -0.342529
33.350000 1.289348 -2.884804 -0.343359
33.400000 1.140273 -3.067026 -0.345732
33.450000 0.982645 -3.226245 -0.349576
33.500000 0.817648 -3.361267 -0.354778
33.550000 0.646519 -3.471079 -0.361180
33.600000 0.470540 -3.554859 -0.368592
33.650000 0.291033 -3.611977 -0.376791
33.700000 0.109343 -3.642005 -0.385532
33.750000 -0.073168 -3.644718 -0.394553
33.800000 -0.255129 -3.620096 -0.403584
33.850000 -0.435177 -3.568323 -0.412355
33.900000 -0.611961 -3.489787 -0.420602
33.950000 -0.784156 -3.385079 -0.428080
34.000000 -0.950469 -3.254982 -0.434563
34.050000 -1.109654 -3.100472 -0.439859
34.100000 -1.260517 -2.922710 -0.443808
34.150000 -1.401925 -2.723027 -0.446292
34.200000 -1.532819 -2.502921 -0.447237
34.250000 -1.652217 -2.264043 -0.446614
34.300000 -1.759223 -2.008185 -0.444442
34.350000 -1.853036 -1.737266 -0.440787
34.400000 -1.932950 -1.453317 -0.435757
34.450000 -1.998367 -1.158468 -0.429503
34.500000 -2.048797 -0.854930 -0.422213
34.550000 -2.083860 -0.544981 -0.414104
34.600000 -2.103295 -0.230945 -0.405420
34.650000 -2.106955 0.084824 -0.396421
34.700000 -2.094813 0.399957 -0.387375
34.750000 -2.066959 0.712090 -0.378555
34.800000 -2.023604 1.018882 -0.370224
34.850000 -1.965071 1.318032 -0.362631
34.900000 -1.891800 1.607298 -0.356004
34.950000 -1.804341 1.884508 -0.350541
35.000000 -1.703349 2.147585 -0.346406
35.050000 -1.589583 2.394555 -0.343723
35.100000 -1.463894 2.623566 -0.342572
35.150000 -1.327226 2.832900 -0.342987
35.200000 -1.180604 3.020987 -0.344957
35.250000 -1.025127 3.186417 -0.348421
35.300000 -0.861962 3.327949 -0.353277
35.350000 -0.692333 3.444521 -0.359379
35.400000 -0.517510 3.535259 -0.366544
35.450000 -0.338807 3.599483 -0.374558
35.500000 -0.157562 3.636710 -0.383180
35.550000 0.024864 3.646663 -0.392153
35.600000 0.207104 3.629265 -0.401208
35.650000 0.387791 3.584648 -0.410074
35.700000 0.565569 3.513146 -0.418485
35.750000 0.739106 3.415295 -0.426189
35.800000 0.907099 3.291830 -0.432956
35.850000 1.068289 3.143676 -0.438583
35.900000 1.221466 2.971944 -0.442901
35.950000 1.365483 2.777923 -0.445782
36.000000 1.499259 2.563068 -0.447139
36.050000 1.621790 2.328989 -0.446931
36.100000 1.732157 2.077443 -0.445165
36.150000 1.829534 1.810316 -0.441893
36.200000 1.913189 1.529612 -0.437214
36.250000 1.982495 1.237435 -0.431267
36.300000 2.036933 0.935978 -0.424231
36.350000 2.076093 0.627501 -0.416316
36.400000 2.099683 0.314318 -0.407760
36.450000 2.107525 -0.001222 -0.398818
36.500000 2.099561 -0.316754 -0.389758
36.550000 2.075849 -0.629909 -0.380852
36.600000 2.036570 -0.938341 -0.372367
36.650000 1.982015 -1.239735 -0.364555
36.700000 1.912596 -1.531831 -0.357652
36.750000 1.828832 -1.812438 -0.351864
36.800000 1.731352 -2.079452 -0.347364
36.850000 1.620887 -2.330870 -0.344287
36.900000 1.498265 -2.564806 -0.342725
36.950000 1.364407 -2.779506 -0.342725
37.000000 1.220315 -2.973360 -0.344287
37.050000 1.067071 -3.144914 -0.347364
37.100000 0.905823 -3.292881 -0.351864
37.150000 0.737782 -3.416152 -0.357653
37.200000 0.564208 -3.513801 -0.364556
37.250000 0.386402 -3.585097 -0.372368
37.300000 0.205698 -3.629504 -0.380854
37.350000 0.023452 -3.646691 -0.389760
37.400000 -0.158971 -3.636527 -0.398819
37.450000 -0.340201 -3.599089 -0.407761
37.500000 -0.518880 -3.534658 -0.416317
37.550000 -0.693667 -3.443717 -0.424232
37.600000 -0.863251 -3.326948 -0.431268
37.650000 -1.026361 -3.185227 -0.437215
37.700000 -1.181774 -3.019617 -0.441894
37.750000 -1.328323 -2.831360 -0.445165
37.800000 -1.464910 -2.621867 -0.446931
37.850000 -1.590510 -2.392711 -0.447139
37.900000 -1.704181 -2.145609 -0.445782
37.950000 -1.805071 -1.882415 -0.442901
38.000000 -1.892422 -1.605103 -0.438582
38.050000 -1.965581 -1.315753 -0.432955
38.100000 -2.023998 -1.016534 -0.426188
38.150000 -2.067235 -0.709692 -0.418483
38.200000 -2.094967 -0.397527 -0.410073
38.250000 -2.106987 -0.082380 -0.401207
38.300000 -2.103205 0.233384 -0.392152
38.350000 -2.083649 0.547398 -0.383179
38.400000 -2.048465 0.857307 -0.374557
38.450000 -1.997918 1.160785 -0.366543
38.500000 -1.932387 1.455558 -0.359378
38.550000 -1.852362 1.739414 -0.353276
38.600000 -1.758445 2.010225 -0.348421
38.650000 -1.651340 2.265959 -0.344956
38.700000 -1.531849 2.504698 -0.342987
38.750000 -1.400870 2.724652 -0.342572
38.800000 -1.259384 2.924171 -0.343723
38.850000 -1.108453 3.101759 -0.346407
38.900000 -0.949208 3.256083 -0.350542
38.950000 -0.782845 3.385987 -0.356005
39.000000 -0.610609 3.490496 -0.362632
39.050000 -0.433795 3.568827 -0.370225
39.100000 -0.253727 3.620391 -0.378556
39.150000 -0.071756 3.644802 -0.387377
39.200000 0.110753 3.641877 -0.396422
39.250000 0.292432 3.611638 -0.405421
39.300000 0.471917 3.554312 -0.414105
39.350000 0.647863 3.470329 -0.422214
39.400000 0.818950 3.360318 -0.429504
39.450000 0.983895 3.225104 -0.435757
39.500000 1.141461 3.065703 -0.440787
39.550000 1.290465 2.883308 -0.444443
39.600000 1.429791 2.679289 -0.446614
39.650000 1.558394 2.455175 -0.447237
39.700000 1.675309 2.212647 -0.446292
39.750000 1.779659 1.953525 -0.443807
39.800000 1.870661 1.679751 -0.439858
39.850000 1.947634 1.393379 -0.434562
39.900000 2.009999 1.096556 -0.428079
39.950000 2.057289 0.791509 -0.420601
40.000000 2.089150 0.480526 -0.412353
40.050000 2.105342 0.165940 -0.403583
40.100000 2.105744 -0.149892 -0.394552
40.150000 2.090353 -0.464599 -0.385531
40.200000 2.059284 -0.775822 -0.376790
40.250000 2.012771 -1.081226 -0.368591
40.300000 1.951162 -1.378521 -0.361179
40.350000 1.874919 -1.665477 -0.354777
40.400000 1.784614 -1.939942 -0.349576
40.450000 1.680924 -2.199857 -0.345731
40.500000 1.564628 -2.443274 -0.343359
40.550000 1.436597 -2.668366 -0.342529
40.600000 1.297792 -2.873445 -0.343267
40.650000 1.149253 -3.056973 -0.345551
40.700000 0.992094 -3.217574 -0.349312
40.750000 0.827495 -3.354043 -0.354438
40.800000 0.656690 -3.465357 -0.360775
40.850000 0.480959 -3.550681 -0.368134
40.900000 0.301622 -3.609375 -0.376293
40.950000 0.120022 -3.640998 -0.385009
41.000000 -0.062478 -3.645314 -0.394021
41.050000 -0.244509 -3.622290 -0.403059
41.100000 -0.424707 -3.572098 -0.411853
41.150000 -0.601719 -3.495116 -0.420138
41.200000 -0.774219 -3.391921 -0.427667
41.250000 -0.940911 -3.263286 -0.434215
41.300000 -1.100547 -3.110177 -0.439584
41.350000 -1.251929 -2.933741 -0.443616
41.400000 -1.393921 -2.735302 -0.446188
41.450000 -1.525459 -2.516349 -0.447224
41.500000 -1.645556 -2.278523 -0.446693
41.550000 -1.753312 -2.023608 -0.444611
41.600000 -1.847917 -1.753516 -0.441040
41.650000 -1.928663 -1.470272 -0.436087
41.700000 -1.994944 -1.176001 -0.429900
41.750000 -2.046263 -0.872911 -0.422665
41.800000 -2.082235 -0.563274 -0.414597
41.850000 -2.102591 -0.249412 -0.405940
41.900000 -2.107176 0.066321 -0.396952
41.950000 -2.095958 0.381556 -0.387902
42.000000 -2.069021 0.693929 -0.379061
42.050000 -2.026566 1.001098 -0.370694
42.100000 -1.968911 1.300759 -0.363051
42.150000 -1.896490 1.590664 -0.356362
42.200000 -1.809845 1.868639 -0.350826
42.250000 -1.709626 2.132600 -0.346609
42.300000 -1.596585 2.380565 -0.343839
42.350000 -1.471569 2.610677 -0.342596
42.400000 -1.335517 2.821208 -0.342920
42.450000 -1.189448 3.010581 -0.344799
42.500000 -1.034459 3.177374 -0.348179
42.550000 -0.871711 3.320336 -0.352957
42.600000 -0.702425 3.438397 -0.358990
42.650000 -0.527871 3.530669 -0.366099
42.700000 -0.349358 3.596461 -0.374069
42.750000 -0.168225 3.635280 -0.382663
42.800000 0.014170 3.646834 -0.391623
42.850000 0.196458 3.631037 -0.400680
42.900000 0.377273 3.588007 -0.409564
42.950000 0.555259 3.518067 -0.418009
43.000000 0.729080 3.421742 -0.425761
43.050000 0.897433 3.299753 -0.432589
43.100000 1.059055 3.153017 -0.438288
43.150000 1.212735 2.982632 -0.442687
43.200000 1.357319 2.789878 -0.445655
43.250000 1.491723 2.576200 -0.447102
43.300000 1.614939 2.343201 -0.446986
43.350000 1.726043 2.092627 -0.445311
43.400000 1.824201 1.826359 -0.442125
43.450000 1.908679 1.546393 -0.437524
43.500000 1.978841 1.254829 -0.431647
43.550000 2.034161 0.953854 -0.424670
43.600000 2.074226 0.645725 -0.416800
43.650000 2.098734 0.332753 -0.408274
43.700000 2.107501 0.017285 -0.399348
43.750000 2.100462 -0.298312 -0.390287
43.800000 2.077670 -0.611672 -0.381365
43.850000 2.039295 -0.920445 -0.372847
43.900000 1.985626 -1.222314 -0.364990
43.950000 1.917064 -1.515015 -0.358027
44.000000 1.834124 -1.796355 -0.352169
44.050000 1.737428 -2.064221 -0.347589
44.100000 1.627702 -2.316606 -0.344426
44.150000 1.505768 -2.551616 -0.342773
44.200000 1.372540 -2.767489 -0.342682
44.250000 1.229019 -2.962606 -0.344153
44.300000 1.076280 -3.135503 -0.347143
44.350000 0.915469 -3.284885 -0.351564
44.400000 0.747791 -3.409629 -0.357281
44.450000 0.574506 -3.508801 -0.364124
44.500000 0.396911 -3.581658 -0.371889
44.550000 0.216340 -3.627651 -0.380342
44.600000 0.034146 -3.646438 -0.389231
44.650000 -0.148304 -3.637876 -0.398289
44.700000 -0.329642 -3.602030 -0.407245
44.750000 -0.508507 -3.539169 -0.415831
44.800000 -0.683558 -3.449764 -0.423790
44.850000 -0.853483 -3.334486 -0.430884
44.900000 -1.017007 -3.194199 -0.436900
44.950000 -1.172903 -3.029956 -0.441657
45.000000 -1.320003 -2.842988 -0.445014
45.050000 -1.457202 -2.634698 -0.446870
45.100000 -1.583472 -2.406647 -0.447170
45.150000 -1.697867 -2.160547 -0.445904
45.200000 -1.799527 -1.898242 -0.443110
45.250000 -1.887691 -1.621701 -0.438872
45.300000 -1.961697 -1.332997 -0.433318
45.350000 -2.020991 -1.034295 -0.426612
45.400000 -2.065127 -0.727836 -0.418957
45.450000 -2.093774 -0.415919 -0.410580
45.500000 -2.106718 -0.100882 -0.401734
45.550000 -2.103862 0.214912 -0.392683
45.600000 -2.085227 0.529094 -0.383698
45.650000 -2.050953 0.839307 -0.375048
45.700000 -2.001297 1.143226 -0.366991
45.750000 -1.936630 1.438570 -0.359771
45.800000 -1.857440 1.723126 -0.353601
45.850000 -1.764318 1.994757 -0.348668
45.900000 -1.657964 2.251429 -0.345119
45.950000 -1.539175 2.491214 -0.343060
46.000000 -1.408842 2.712315 -0.342553
46.050000 -1.267943 2.913074 -0.343613
46.100000 -1.117535 3.091985 -0.346208
46.150000 -0.958745 3.247706 -0.350261
46.200000 -0.792764 3.379069 -0.355651
46.250000 -0.620838 3.485089 -0.362215
46.300000 -0.444255 3.564971 -0.369757
46.350000 -0.264341 3.618116 -0.378052
46.400000 -0.082444 3.644125 -0.386851
46.450000 0.100072 3.642803 -0.395891
46.500000 0.281836 3.614160 -0.404900
46.550000 0.461488 3.558411 -0.413610
46.600000 0.637678 3.475973 -0.421759
46.650000 0.809085 3.367466 -0.429103
46.700000 0.974424 3.233703 -0.435423
46.750000 1.132455 3.075687 -0.440529
46.800000 1.281993 2.894603 -0.444269
46.850000 1.421916 2.691810 -0.446529
46.900000 1.551174 2.468828 -0.447243
46.950000 1.668798 2.227331 -0.446390
47.000000 1.773907 1.969128 -0.443994
47.050000 1.865711 1.696156 -0.440128
47.100000 1.943523 1.410464 -0.434907
47.150000 2.006757 1.114193 -0.428488
47.200000 2.054942 0.809565 -0.421063
47.250000 2.087714 0.498866 -0.412853
47.300000 2.104828 0.184425 -0.404106
47.350000 2.106157 -0.131398 -0.395083
47.400000 2.091689 -0.446237 -0.386054
47.450000 2.061533 -0.757728 -0.377289
47.500000 2.015916 -1.063537 -0.369052
47.550000 1.955179 -1.361369 -0.361588
47.600000 1.879779 -1.648991 -0.355121
47.650000 1.790280 -1.924245 -0.349844
47.700000 1.687354 -2.185068 -0.345917
47.750000 1.571773 -2.429503 -0.343456
47.800000 1.444404 -2.655716 -0.342535
47.850000 1.306202 -2.862011 -0.343181
47.900000 1.158203 -3.046842 -0.345376
47.950000 1.001518 -3.208821 -0.349053
48.000000 0.837321 -3.346734 -0.354103
48.050000 0.666844 -3.459546 -0.360374
48.100000 0.491366 -3.546412 -0.367678
48.150000 0.312203 -3.606679 -0.375797
48.200000 0.130698 -3.639897 -0.384488
48.250000 -0.051787 -3.645815 -0.393490
48.300000 -0.233883 -3.624390 -0.402534
48.350000 -0.414226 -3.575782 -0.411349
48.400000 -0.591461 -3.500355 -0.419671
48.450000 -0.764261 -3.398676 -0.427251
48.500000 -0.931329 -3.271507 -0.433862
48.550000 -1.091412 -3.119801 -0.439305
48.600000 -1.243309 -2.944697 -0.443419
48.650000 -1.385882 -2.747508 -0.446079
48.700000 -1.518060 -2.529712 -0.447207
48.750000 -1.638853 -2.292944 -0.446768
48.800000 -1.747354 -2.038978 -0.444775
48.850000 -1.842751 -1.769720 -0.441289
48.900000 -1.924326 -1.487190 -0.436413
48.950000 -1.991470 -1.193505 -0.430293
49.000000 -2.043677 -0.890869 -0.423114
49.050000 -2.080557 -0.581551 -0.415089
49.100000 -2.101832 -0.267872 -0.406459
49.150000 -2.107344 0.047816 -0.397483
49.200000 -2.097050 0.363146 -0.388429
49.250000 -2.071029 0.675751 -0.379568
49.300000 -2.029475 0.983289 -0.371166
49.350000 -1.972700 1.283453 -0.363475
49.400000 -1.901130 1.573990 -0.356723
49.450000 -1.815301 1.852722 -0.351115
49.500000 -1.715858 2.117559 -0.346818
49.550000 -1.603545 2.366514 -0.343959
49.600000 -1.479206 2.597721 -0.342626
49.650000 -1.343773 2.809444 -0.342858
49.700000 -1.198262 3.000097 -0.344647
49.750000 -1.043764 3.168249 -0.347941
49.800000 -0.881437 3.312639 -0.352641
49.850000 -0.712500 3.432184 -0.358605
49.900000 -0.538219 3.525988 -0.365656
49.950000 -0.359901 3.593347 -0.373583
50.000000 -0.178884 3.633756 -0.382147
50.050000 0.003475 3.646912 -0.391093
50.100000 0.185807 3.632715 -0.400152
50.150000 0.366746 3.591274 -0.409054
50.200000 0.544935 3.522898 -0.417531
50.250000 0.719036 3.428100 -0.425330
50.300000 0.887745 3.307592 -0.432218
50.350000 1.049795 3.162276 -0.437988
50.400000 1.203972 2.993244 -0.442467
50.450000 1.349119 2.801762 -0.445522
50.500000 1.484148 2.589267 -0.447060
50.550000 1.608046 2.357352 -0.447036
50.600000 1.719884 2.107757 -0.445451
50.650000 1.818822 1.842354 -0.442351
50.700000 1.904119 1.563134 -0.437831
50.750000 1.975135 1.272190 -0.432024
50.800000 2.031338 0.971704 -0.425105
50.850000 2.072306 0.663931 -0.417282
50.900000 2.097731 0.351178 -0.408787
50.950000 2.107423 0.035792 -0.399877
51.000000 2.101310 -0.279863 -0.390817
51.050000 2.079437 -0.593419 -0.381879
51.100000 2.041968 -0.902525 -0.373331
51.150000 1.989185 -1.204861 -0.365428
51.200000 1.921482 -1.498161 -0.358407
51.250000 1.839369 -1.780225 -0.352478
51.300000 1.743460 -2.048937 -0.347819
51.350000 1.634475 -2.302282 -0.344570
51.400000 1.513231 -2.538360 -0.342827
51.450000 1.380639 -2.755400 -0.342644
51.500000 1.237691 -2.951775 -0.344024
51.550000 1.085461 -3.126012 -0.346928
51.600000 0.925090 -3.276803 -0.351267
51.650000 0.757781 -3.403018 -0.356913
51.700000 0.584788 -3.503711 -0.363696
51.750000 0.407410 -3.578126 -0.371413
51.800000 0.226976 -3.625705 -0.379833
51.850000 0.044839 -3.646091 -0.388703
51.900000 -0.137633 -3.639131 -0.397759
51.950000 -0.319074 -3.604878 -0.406728
52.000000 -0.498121 -3.543589 -0.415343
52.050000 -0.673433 -3.455722 -0.423346
52.100000 -0.843693 -3.341938 -0.430496
52.150000 -1.007626 -3.203089 -0.436580
52.200000 -1.164002 -3.040217 -0.441416
52.250000 -1.311648 -2.854543 -0.444858
52.300000 -1.449457 -2.647460 -0.446804
52.350000 -1.576394 -2.420521 -0.447196
52.400000 -1.691509 -2.175428 -0.446021
52.450000 -1.793937 -1.914020 -0.443315
52.500000 -1.882911 -1.638256 -0.439158
52.550000 -1.957763 -1.350206 -0.433677
52.600000 -2.017931 -1.052029 -0.427033
52.650000 -2.062966 -0.745962 -0.419427
52.700000 -2.092527 -0.434300 -0.411087
52.750000 -2.106395 -0.119380 -0.402261
52.800000 -2.104466 0.196434 -0.393214
52.850000 -2.086752 0.510775 -0.384217
52.900000 -2.053388 0.821286 -0.375540
52.950000 -2.004623 1.125637 -0.367443
53.000000 -1.940824 1.421545 -0.360166
53.050000 -1.862469 1.706792 -0.353930
53.100000 -1.770145 1.979238 -0.348920
53.150000 -1.664545 2.236840 -0.345287
53.200000 -1.546461 2.477666 -0.343138
53.250000 -1.416779 2.699909 -0.342539
53.300000 -1.276470 2.901902 -0.343508
53.350000 -1.126588 3.082132 -0.346015
53.400000 -0.968257 3.239245 -0.349986
53.450000 -0.802664 3.372064 -0.355301
53.500000 -0.631051 3.479593 -0.361801
53.550000 -0.454705 3.561024 -0.369292
53.600000 -0.274948 3.615748 -0.377550
53.650000 -0.093130 3.643354 -0.386326
53.700000 0.089387 3.643635 -0.395359
53.750000 0.271234 3.616588 -0.404378
53.800000 0.451046 3.562417 -0.413113
53.850000 0.627475 3.481528 -0.421302
53.900000 0.799199 3.374528 -0.428699
53.950000 0.964928 3.242218 -0.435085
54.000000 1.123421 3.085592 -0.440267
54.050000 1.273487 2.905824 -0.444089
54.100000 1.414003 2.704262 -0.446439
54.150000 1.543914 2.482418 -0.447245
54.200000 1.662245 2.241956 -0.446483
54.250000 1.768109 1.984680 -0.444176
54.300000 1.860713 1.712518 -0.440393
54.350000 1.939361 1.427513 -0.435248
54.400000 2.003464 1.131801 -0.428894
54.450000 2.052541 0.827600 -0.421521
54.500000 2.086224 0.517193 -0.413352
54.550000 2.104260 0.202907 -0.404629
54.600000 2.106515 -0.112902 -0.395614
54.650000 2.092970 -0.427863 -0.386578
54.700000 2.063728 -0.739615 -0.377791
54.750000 2.019009 -1.045821 -0.369515
54.800000 1.959146 -1.344182 -0.361999
54.850000 1.884591 -1.632463 -0.355468
54.900000 1.795900 -1.908499 -0.350118
54.950000 1.693741 -2.170222 -0.346107
55.000000 1.578878 -2.415669 -0.343558
55.050000 1.452174 -2.642998 -0.342545
55.100000 1.314578 -2.850504 -0.343100
55.150000 1.167123 -3.036632 -0.345205
55.200000 1.010915 -3.199985 -0.348799
55.250000 0.847125 -3.339338 -0.353772
55.300000 0.676981 -3.453645 -0.359976
55.350000 0.501760 -3.542051 -0.367226
55.400000 0.322776 -3.603891 -0.375304
55.450000 0.141371 -3.638702 -0.383968
55.500000 -0.041094 -3.646223 -0.392959
55.550000 -0.223251 -3.626397 -0.402008
55.600000 -0.403734 -3.579373 -0.410844
55.650000 -0.581189 -3.505504 -0.419202
55.700000 -0.754284 -3.405344 -0.426832
55.750000 -0.921723 -3.279643 -0.433505
55.800000 -1.082249 -3.129345 -0.439022
55.850000 -1.234657 -2.955577 -0.443217
55.900000 -1.377806 -2.759643 -0.445965
55.950000 -1.510622 -2.543011 -0.447184
56.000000 -1.632107 -2.307306 -0.446837
56.050000 -1.741352 -2.054296 -0.444934
56.100000 -1.837537 -1.785880 -0.441532
56.150000 -1.919940 -1.504069 -0.436734
56.200000 -1.987944 -1.210978 -0.430683
56.250000 -2.041038 -0.908804 -0.423560
56.300000 -2.078824 -0.599814 -0.415578
56.350000 -2.101019 -0.286326 -0.406977
56.400000 -2.107457 0.029310 -0.398013
56.450000 -2.098088 0.344726 -0.388956
56.500000 -2.072984 0.657556 -0.380077
56.550000 -2.032333 0.965455 -0.371641
56.600000 -1.976439 1.266113 -0.363901
56.650000 -1.905722 1.557275 -0.357089
56.700000 -1.820711 1.836757 -0.351409
56.750000 -1.722046 2.102464 -0.347031
56.800000 -1.610465 2.352402 -0.344085
56.850000 -1.486806 2.584698 -0.342661
56.900000 -1.351995 2.797608 -0.342801
56.950000 -1.207045 2.989536 -0.344500
57.000000 -1.053042 3.159042 -0.347708
57.050000 -0.891141 3.304856 -0.352329
57.100000 -0.722556 3.425883 -0.358224
57.150000 -0.548552 3.521216 -0.365217
57.200000 -0.370434 3.590140 -0.373098
57.250000 -0.189538 3.632138 -0.381632
57.300000 -0.007221 3.646895 -0.390563
57.350000 0.175151 3.634300 -0.399623
57.400000 0.356209 3.594448 -0.408541
57.450000 0.534596 3.527638 -0.417051
57.500000 0.708973 3.434370 -0.424896
57.550000 0.878033 3.315345 -0.431844
57.600000 1.040508 3.171454 -0.437684
57.650000 1.195178 3.003778 -0.442243
57.700000 1.340885 2.813573 -0.445384
57.750000 1.476536 2.602266 -0.447013
57.800000 1.601112 2.371443 -0.447081
57.850000 1.713680 2.122833 -0.445586
57.900000 1.813395 1.858303 -0.442573
57.950000 1.899510 1.579835 -0.438132
58.000000 1.971379 1.289518 -0.432397
58.050000 2.028462 0.989530 -0.425538
58.100000 2.070332 0.682120 -0.417761
58.150000 2.096674 0.369595 -0.409299
58.200000 2.107291 0.054297 -0.400406
58.250000 2.102104 -0.261407 -0.391347
58.300000 2.081151 -0.575151 -0.382394
58.350000 2.044589 -0.884582 -0.373816
58.400000 1.992692 -1.187378 -0.365868
58.450000 1.925851 -1.481269 -0.358790
58.500000 1.844566 -1.764050 -0.352792
58.550000 1.749446 -2.033601 -0.348055
58.600000 1.641206 -2.287900 -0.344720
58.650000 1.520656 -2.525039 -0.342887
58.700000 1.388702 -2.743241 -0.342611
58.750000 1.246332 -2.940868 -0.343901
58.800000 1.094615 -3.116440 -0.346717
58.850000 0.934688 -3.268637 -0.350976
58.900000 0.767751 -3.396320 -0.356549
58.950000 0.595056 -3.498531 -0.363271
59.000000 0.417898 -3.574502 -0.370939
59.050000 0.237606 -3.623665 -0.379324
59.100000 0.055531 -3.645650 -0.388176
59.150000 -0.126959 -3.640293 -0.397228
59.200000 -0.308498 -3.607634 -0.406210
59.250000 -0.487723 -3.547917 -0.414853
59.300000 -0.663290 -3.461591 -0.422898
59.350000 -0.833882 -3.349304 -0.430105
59.400000 -0.998220 -3.211896 -0.436257
59.450000 -1.155071 -3.050399 -0.441170
59.500000 -1.303260 -2.866024 -0.444697
59.550000 -1.441674 -2.660154 -0.446733
59.600000 -1.569275 -2.434333 -0.447216
59.650000 -1.685107 -2.190254 -0.446132
59.700000 -1.788301 -1.929749 -0.443514
59.750000 -1.878082 -1.654770 -0.439440
59.800000 -1.953778 -1.367381 -0.434032
59.850000 -2.014820 -1.069736 -0.427451
59.900000 -2.060751 -0.764068 -0.419895
59.950000 -2.091227 -0.452670 -0.411591
60.000000 -2.106018 -0.137876 -0.402786
60.050000 -2.105015 0.177951 -0.393745
60.100000 -2.088223 0.492444 -0.384738
60.150000 -2.055770 0.803244 -0.376035
60.200000 -2.007899 1.108019 -0.367896
60.250000 -1.944968 1.404484 -0.360566
60.300000 -1.867450 1.690415 -0.354263
60.350000 -1.775927 1.963668 -0.349177
60.400000 -1.671084 2.222194 -0.345459
60.450000 -1.553707 2.464054 -0.343222
60.500000 -1.424678 2.687432 -0.342531
60.550000 -1.284964 2.890656 -0.343408
60.600000 -1.135613 3.072199 -0.345827
60.650000 -0.977744 3.230701 -0.349715
60.700000 -0.812543 3.364972 -0.354955
60.750000 -0.641247 3.474006 -0.361391
60.800000 -0.465142 3.556986 -0.368830
60.850000 -0.285548 3.613287 -0.377049
60.900000 -0.103813 3.642489 -0.385803
60.950000 0.078701 3.644373 -0.394828
61.000000 0.260624 3.618924 -0.403855
61.050000 0.440593 3.566332 -0.412614
61.100000 0.617257 3.486993 -0.420841
61.150000 0.789292 3.381502 -0.428292
61.200000 0.955408 3.250650 -0.434742
61.250000 1.114357 3.095417 -0.439999
61.300000 1.264949 2.916969 -0.443905
61.350000 1.406054 2.716644 -0.446343
61.400000 1.536614 2.495944 -0.447241
61.450000 1.655649 2.256524 -0.446571
61.500000 1.762266 2.000181 -0.444353
61.550000 1.855667 1.728836 -0.440654
61.600000 1.935150 1.444525 -0.435584
61.650000 2.000119 1.149379 -0.429296
61.700000 2.050088 0.845614 -0.421978
61.750000 2.084681 0.535506 -0.413848
61.800000 2.103638 0.221382 -0.405151
61.850000 2.106819 -0.094402 -0.396146
61.900000 2.094198 -0.409478 -0.387103
61.950000 2.065871 -0.721483 -0.378294
62.000000 2.022050 -1.028077 -0.369981
62.050000 1.963063 -1.326961 -0.362415
62.100000 1.889354 -1.615892 -0.355820
62.150000 1.801474 -1.892704 -0.350395
62.200000 1.700083 -2.155321 -0.346303
62.250000 1.585942 -2.401773 -0.343665
62.300000 1.459906 -2.630211 -0.342561
62.350000 1.322921 -2.838923 -0.343024
62.400000 1.176014 -3.026344 -0.345040
62.450000 1.020286 -3.191066 -0.348549
62.500000 0.856907 -3.331856 -0.353445
62.550000 0.687101 -3.447656 -0.359582
62.600000 0.512141 -3.537599 -0.366776
62.650000 0.333341 -3.601010 -0.374812
62.700000 0.152040 -3.637414 -0.383449
62.750000 -0.030400 -3.646537 -0.392428
62.800000 -0.212613 -3.628311 -0.401481
62.850000 -0.393232 -3.582873 -0.410337
62.900000 -0.570901 -3.510563 -0.418730
62.950000 -0.744288 -3.411924 -0.426409
63.000000 -0.912093 -3.287695 -0.433144
63.050000 -1.073057 -3.138809 -0.438734
63.100000 -1.225974 -2.966381 -0.443010
63.150000 -1.369696 -2.771706 -0.445846
63.200000 -1.503144 -2.556243 -0.447156
63.250000 -1.625320 -2.321608 -0.446900
63.300000 -1.735305 -2.069562 -0.445087
63.350000 -1.832276 -1.801993 -0.441771
63.400000 -1.915505 -1.520909 -0.437051
63.450000 -1.984367 -1.228419 -0.431069
63.500000 -2.038347 -0.926716 -0.424003
63.550000 -2.077038 -0.618062 -0.416065
63.600000 -2.100153 -0.304772 -0.407493
63.650000 -2.107516 0.010803 -0.398544
63.700000 -2.099072 0.326297 -0.389485
63.750000 -2.074886 0.639344 -0.380587
63.800000 -2.035138 0.947596 -0.372118
63.850000 -1.980126 1.248740 -0.364331
63.900000 -1.910264 1.540520 -0.357459
63.950000 -1.826074 1.820745 -0.351707
64.000000 -1.728189 2.087315 -0.347249
64.050000 -1.617343 2.338230 -0.344217
64.100000 -1.494366 2.571608 -0.342702
64.150000 -1.360182 2.785699 -0.342749
64.200000 -1.215797 2.978898 -0.344358
64.250000 -1.062292 3.149754 -0.347480
64.300000 -0.900821 3.296988 -0.352022
64.350000 -0.732594 3.419494 -0.357847
64.400000 -0.558872 3.516354 -0.364781
64.450000 -0.380958 3.586841 -0.372616
64.500000 -0.200188 3.630427 -0.381119
64.550000 -0.017916 3.646785 -0.390033
64.600000 0.164491 3.635792 -0.399093
64.650000 0.345664 3.597530 -0.408028
64.700000 0.524244 3.532287 -0.416568
64.750000 0.698892 3.440552 -0.424459
64.800000 0.868299 3.323012 -0.431465
64.850000 1.031194 3.180550 -0.437376
64.900000 1.186354 3.014234 -0.442014
64.950000 1.332617 2.825312 -0.445241
65.000000 1.468885 2.615199 -0.446960
65.050000 1.594137 2.385472 -0.447120
65.100000 1.707432 2.137855 -0.445716
65.150000 1.807922 1.874203 -0.442790
65.200000 1.894853 1.596495 -0.438430
65.250000 1.967572 1.306813 -0.432765
65.300000 2.025534 1.007330 -0.425967
65.350000 2.068305 0.700292 -0.418238
65.400000 2.095563 0.388002 -0.409809
65.450000 2.107105 0.072802 -0.400934
65.500000 2.102843 -0.242944 -0.391877
65.550000 2.082811 -0.556868 -0.382911
65.600000 2.047157 -0.866616 -0.374304
65.650000 1.996149 -1.169864 -0.366312
65.700000 1.930170 -1.464338 -0.359176
65.750000 1.849715 -1.747829 -0.353110
65.800000 1.755387 -2.018212 -0.348295
65.850000 1.647894 -2.273458 -0.344874
65.900000 1.528042 -2.511653 -0.342952
65.950000 1.396729 -2.731011 -0.342584
66.000000 1.254940 -2.929886 -0.343782
66.050000 1.103740 -3.106787 -0.346511
66.100000 0.944262 -3.260387 -0.350689
66.150000 0.777701 -3.389534 -0.356189
66.200000 0.605308 -3.493260 -0.362849
66.250000 0.428375 -3.570786 -0.370468
66.300000 0.248230 -3.621532 -0.378818
66.350000 0.066222 -3.645116 -0.387649
66.400000 -0.116282 -3.641361 -0.396697
66.450000 -0.297914 -3.610297 -0.405691
66.500000 -0.477312 -3.552155 -0.414361
66.550000 -0.653129 -3.467372 -0.422448
66.600000 -0.824049 -3.356583 -0.429710
66.650000 -0.988788 -3.220620 -0.435929
66.700000 -1.146111 -3.060503 -0.440919
66.750000 -1.294838 -2.877432 -0.444531
66.800000 -1.433854 -2.672780 -0.446656
66.850000 -1.562116 -2.448082 -0.447231
66.900000 -1.678662 -2.205024 -0.446239
66.950000 -1.782618 -1.945428 -0.443709
67.000000 -1.873205 -1.671241 -0.439717
67.050000 -1.949743 -1.384520 -0.434382
67.100000 -2.011657 -1.087415 -0.427865
67.150000 -2.058484 -0.782155 -0.420361
67.200000 -2.089872 -0.471028 -0.412094
67.250000 -2.105587 -0.156368 -0.403311
67.300000 -2.105509 0.159464 -0.394277
67.350000 -2.089640 0.474100 -0.385260
67.400000 -2.058099 0.785181 -0.376532
67.450000 -2.011122 1.090372 -0.368353
67.500000 -1.949062 1.387386 -0.360969
67.550000 -1.872384 1.673994 -0.354601
67.600000 -1.781663 1.948048 -0.349438
67.650000 -1.677579 2.207491 -0.345637
67.700000 -1.560914 2.450378 -0.343311
67.750000 -1.432541 2.674887 -0.342528
67.800000 -1.293425 2.879335 -0.343314
67.850000 -1.144608 3.062187 -0.345644
67.900000 -0.987206 3.222073 -0.349448
67.950000 -0.822400 3.357793 -0.354613
68.000000 -0.651427 3.468331 -0.360984
68.050000 -0.475567 3.552855 -0.368370
68.100000 -0.296141 3.610733 -0.376551
68.150000 -0.114494 3.641531 -0.385280
68.200000 0.068012 3.645017 -0.394297
68.250000 0.250008 3.621166 -0.403331
68.300000 0.430128 3.570155 -0.412113
68.350000 0.607023 3.492369 -0.420379
68.400000 0.779365 3.388390 -0.427881
68.450000 0.945862 3.258998 -0.434396
68.500000 1.105265 3.105163 -0.439727
68.550000 1.256378 2.928040 -0.443716
68.600000 1.398069 2.728956 -0.446243
68.650000 1.529274 2.509406 -0.447231
68.700000 1.649010 2.271034 -0.446653
68.750000 1.756378 2.015630 -0.444524
68.800000 1.850573 1.745109 -0.440909
68.850000 1.930888 1.461500 -0.435916
68.900000 1.996723 1.166929 -0.429695
68.950000 2.047581 0.863606 -0.422431
69.000000 2.083083 0.553806 -0.414342
69.050000 2.102962 0.239853 -0.405671
69.100000 2.107068 -0.075900 -0.396677
69.150000 2.095372 -0.391083 -0.387629
69.200000 2.067960 -0.703333 -0.378799
69.250000 2.025039 -1.010308 -0.370450
69.300000 1.966929 -1.309705 -0.362833
69.350000 1.894068 -1.599280 -0.356176
69.400000 1.807001 -1.876860 -0.350678
69.450000 1.706382 -2.140364 -0.346504
69.500000 1.592965 -2.387815 -0.343778
69.550000 1.467601 -2.617357 -0.342583
69.600000 1.331229 -2.827270 -0.342954
69.650000 1.184874 -3.015977 -0.344880
69.700000 1.029632 -3.182065 -0.348304
69.750000 0.866667 -3.324288 -0.353122
69.800000 0.697203 -3.441578 -0.359191
69.850000 0.522509 -3.533056 -0.366329
69.900000 0.343897 -3.598037 -0.374322
69.950000 0.162706 -3.636032 -0.382931
70.000000 -0.019706 -3.646757 -0.391897
70.050000 -0.201970 -3.630131 -0.400954
70.100000 -0.382719 -3.586280 -0.409828
70.150000 -0.560598 -3.515531 -0.418255
70.200000 -0.734272 -3.418416 -0.425983
70.250000 -0.902440 -3.295662 -0.432779
70.300000 -1.063838 -3.148191 -0.438441
70.350000 -1.217259 -2.977109 -0.442798
70.400000 -1.361549 -2.783699 -0.445721
70.450000 -1.495629 -2.569410 -0.447122
70.500000 -1.618490 -2.335851 -0.446958
70.550000 -1.729214 -2.084773 -0.445236
70.600000 -1.826968 -1.818060 -0.442005
70.650000 -1.911020 -1.537711 -0.437364
70.700000 -1.980739 -1.245829 -0.431451
70.750000 -2.035603 -0.944603 -0.424443
70.800000 -2.075199 -0.636293 -0.416550
70.850000 -2.099232 -0.323211 -0.408008
70.900000 -2.107520 -0.007704 -0.399074
70.950000 -2.100002 0.307860 -0.390014
71.000000 -2.076734 0.621115 -0.381099
71.050000 -2.037891 0.929712 -0.372598
71.100000 -1.983763 1.231336 -0.364764
71.150000 -1.914757 1.523725 -0.357832
71.200000 -1.831391 1.804686 -0.352010
71.250000 -1.734289 2.072112 -0.347472
71.300000 -1.624179 2.323997 -0.344353
71.350000 -1.501889 2.558452 -0.342748
71.400000 -1.368334 2.773719 -0.342703
71.450000 -1.224517 2.968183 -0.344222
71.500000 -1.071516 3.140385 -0.347257
71.550000 -0.910478 3.289035 -0.351719
71.600000 -0.742612 3.413017 -0.357473
71.650000 -0.569177 3.511401 -0.364347
71.700000 -0.391472 3.583449 -0.372137
71.750000 -0.210832 3.628622 -0.380607
71.800000 -0.028610 3.646580 -0.389505
71.850000 0.153826 3.637189 -0.398564
71.900000 0.335109 3.600519 -0.407512
71.950000 0.513878 3.536845 -0.416083
72.000000 0.688793 3.446645 -0.424019
72.050000 0.858543 3.330595 -0.431083
72.100000 1.021853 3.189565 -0.437063
72.150000 1.177499 3.024614 -0.441780
72.200000 1.324314 2.836978 -0.445093
72.250000 1.461197 2.628064 -0.446902
72.300000 1.587121 2.399440 -0.447154
72.350000 1.701141 2.152821 -0.445841
72.400000 1.802403 1.890055 -0.443002
72.450000 1.890146 1.613114 -0.438723
72.500000 1.963714 1.324074 -0.433130
72.550000 2.022554 1.025104 -0.426393
72.600000 2.066224 0.718446 -0.418712
72.650000 2.094398 0.406399 -0.410318
72.700000 2.106864 0.091304 -0.401461
72.750000 2.103529 -0.224475 -0.392408
72.800000 2.084417 -0.538571 -0.383429
72.850000 2.049672 -0.848628 -0.374793
72.900000 1.999554 -1.152320 -0.366759
72.950000 1.934440 -1.447369 -0.359567
73.000000 1.854817 -1.731563 -0.353433
73.050000 1.761283 -2.002771 -0.348539
73.100000 1.654540 -2.258958 -0.345034
73.150000 1.535388 -2.498202 -0.343022
73.200000 1.404720 -2.718710 -0.342562
73.250000 1.263517 -2.918828 -0.343670
73.300000 1.112837 -3.097055 -0.346310
73.350000 0.953811 -3.252053 -0.350406
73.400000 0.787632 -3.382661 -0.355833
73.450000 0.615545 -3.487900 -0.362430
73.500000 0.438842 -3.566979 -0.369999
73.550000 0.258847 -3.619305 -0.378313
73.600000 0.076911 -3.644487 -0.387123
73.650000 -0.105602 -3.642335 -0.396166
73.700000 -0.287322 -3.612866 -0.405170
73.750000 -0.466888 -3.556300 -0.413867
73.800000 -0.642952 -3.473062 -0.421995
73.850000 -0.814194 -3.363776 -0.429311
73.900000 -0.979330 -3.229262 -0.435597
73.950000 -1.137121 -3.070528 -0.440663
74.000000 -1.286383 -2.888765 -0.444359
74.050000 -1.425997 -2.685337 -0.446574
74.100000 -1.554917 -2.461768 -0.447241
74.150000 -1.672174 -2.219737 -0.446340
74.200000 -1.776890 -1.961057 -0.443898
74.250000 -1.868280 -1.687669 -0.439989
74.300000 -1.945657 -1.401624 -0.434729
74.350000 -2.008442 -1.105066 -0.428277
74.400000 -2.056164 -0.800221 -0.420824
74.450000 -2.088464 -0.489374 -0.412595
74.500000 -2.105101 -0.174857 -0.403835
74.550000 -2.105950 0.140972 -0.394808
74.600000 -2.091004 0.455744 -0.385783
74.650000 -2.060375 0.767097 -0.377030
74.700000 -2.014294 1.072698 -0.368813
74.750000 -1.953106 1.370252 -0.361376
74.800000 -1.877269 1.657531 -0.354942
74.850000 -1.787353 1.932377 -0.349705
74.900000 -1.684031 2.192731 -0.345820
74.950000 -1.568080 2.436639 -0.343405
75.000000 -1.440367 2.662273 -0.342531
75.050000 -1.301852 2.867939 -0.343225
75.100000 -1.153573 3.052096 -0.345466
75.150000 -0.996643 3.213362 -0.349187
75.200000 -0.832237 3.350528 -0.354276
75.250000 -0.661590 3.462565 -0.360581
75.300000 -0.485981 3.548633 -0.367914
75.350000 -0.306726 3.608086 -0.376054
75.400000 -0.125172 3.640479 -0.384758
75.450000 0.057321 3.645567 -0.393765
75.500000 0.239385 3.623314 -0.402806
75.550000 0.419653 3.573887 -0.411610
75.600000 0.596773 3.497655 -0.419913
75.650000 0.769418 3.395190 -0.427467
75.700000 0.936292 3.267262 -0.434045
75.750000 1.096144 3.114829 -0.439450
75.800000 1.247775 2.939035 -0.443522
75.850000 1.390048 2.741198 -0.446136
75.900000 1.521895 2.522803 -0.447217
75.950000 1.642328 2.285486 -0.446730
76.000000 1.750444 2.031028 -0.444691
76.050000 1.845431 1.761337 -0.441160
76.100000 1.926578 1.478437 -0.436244
76.150000 1.993275 1.184448 -0.430090
76.200000 2.045022 0.881576 -0.422881
76.250000 2.081432 0.572091 -0.414835
76.300000 2.102231 0.258317 -0.406191
76.350000 2.107264 -0.057396 -0.397208
76.400000 2.096492 -0.372677 -0.388156
76.450000 2.069996 -0.685164 -0.379305
76.500000 2.027976 -0.992512 -0.370921
76.550000 1.970745 -1.292416 -0.363255
76.600000 1.898734 -1.582627 -0.356536
76.650000 1.812482 -1.860968 -0.350965
76.700000 1.712637 -2.125352 -0.346709
76.750000 1.599947 -2.373796 -0.343896
76.800000 1.475258 -2.604436 -0.342610
76.850000 1.339504 -2.815543 -0.342889
76.900000 1.193703 -3.005534 -0.344725
76.950000 1.038950 -3.172983 -0.348064
77.000000 0.876405 -3.316634 -0.352804
77.050000 0.707287 -3.435411 -0.358804
77.100000 0.532864 -3.528422 -0.365885
77.150000 0.354445 -3.594971 -0.373834
77.200000 0.173367 -3.634556 -0.382414
77.250000 -0.009011 -3.646883 -0.391367
77.300000 -0.191321 -3.631858 -0.400426
77.350000 -0.372197 -3.589594 -0.409318
77.400000 -0.550281 -3.520409 -0.417779
77.450000 -0.724238 -3.424820 -0.425554
77.500000 -0.892763 -3.303545 -0.432411
77.550000 -1.054592 -3.157493 -0.438144
77.600000 -1.208512 -2.987760 -0.442582
77.650000 -1.353368 -2.795619 -0.445591
77.700000 -1.488074 -2.582511 -0.447083
77.750000 -1.611619 -2.350034 -0.447011
77.800000 -1.723077 -2.099932 -0.445379
77.850000 -1.821612 -1.834080 -0.442235
77.900000 -1.906485 -1.554473 -0.437673
77.950000 -1.977060 -1.263207 -0.431829
78.000000 -2.032806 -0.962467 -0.424880
78.050000 -2.073306 -0.654508 -0.417033
78.100000 -2.098257 -0.341641 -0.408522
78.150000 -2.107471 -0.026211 -0.399603
78.200000 -2.100878 0.289415 -0.390543
78.250000 -2.078529 0.602870 -0.381613
78.300000 -2.040591 0.911804 -0.373080
78.350000 -1.987349 1.213900 -0.365201
78.400000 -1.919201 1.506891 -0.358210
78.450000 -1.836660 1.788580 -0.352317
78.500000 -1.740343 2.056856 -0.347700
78.550000 -1.630974 2.309704 -0.344495
78.600000 -1.509373 2.545230 -0.342799
78.650000 -1.376451 2.761667 -0.342663
78.700000 -1.233206 2.957391 -0.344090
78.750000 -1.080712 3.130935 -0.347039
78.800000 -0.920112 3.280997 -0.351420
78.850000 -0.752612 3.406451 -0.357103
78.900000 -0.579467 3.506357 -0.363917
78.950000 -0.401976 3.579966 -0.371659
79.000000 -0.221471 3.626724 -0.380096
79.050000 -0.039304 3.646282 -0.388976
79.100000 0.143158 3.638493 -0.398033
79.150000 0.324545 3.603416 -0.406996
79.200000 0.503499 3.541312 -0.415596
79.250000 0.678677 3.452649 -0.423576
79.300000 0.848764 3.338091 -0.430697
79.350000 1.012486 3.198497 -0.436746
79.400000 1.168614 3.034915 -0.441541
79.450000 1.315977 2.848570 -0.444940
79.500000 1.453471 2.640862 -0.446839
79.550000 1.580063 2.413347 -0.447183
79.600000 1.694805 2.167732 -0.445961
79.650000 1.796837 1.905858 -0.443209
79.700000 1.885391 1.629691 -0.439011
79.750000 1.959806 1.341302 -0.433491
79.800000 2.019521 1.042852 -0.426816
79.850000 2.064091 0.736581 -0.419184
79.900000 2.093180 0.424786 -0.410825
79.950000 2.106569 0.109805 -0.401988
80.000000 2.104160 -0.206000 -0.392939
80.050000 2.085969 -0.520260 -0.383948
80.100000 2.052134 -0.830618 -0.375285
80.150000 2.002908 -1.134746 -0.367209
80.200000 1.938660 -1.430363 -0.359961
80.250000 1.859871 -1.715253 -0.353759
80.300000 1.767134 -1.987278 -0.348789
80.350000 1.661144 -2.244399 -0.345199
80.400000 1.542694 -2.484687 -0.343097
80.450000 1.412675 -2.706340 -0.342546
80.500000 1.272060 -2.907695 -0.343562
80.550000 1.121905 -3.087242 -0.346115
80.600000 0.963336 -3.243635 -0.350128
80.650000 0.797542 -3.375701 -0.355481
80.700000 0.625766 -3.482449 -0.362015
80.750000 0.449297 -3.563079 -0.369533
80.800000 0.269458 -3.616986 -0.377810
80.850000 0.087598 -3.643765 -0.386598
80.900000 -0.094918 -3.643216 -0.395634
80.950000 -0.276723 -3.615343 -0.404649
81.000000 -0.456453 -3.560355 -0.413370
81.050000 -0.632759 -3.478664 -0.421539
81.100000 -0.804319 -3.370883 -0.428909
81.150000 -0.969847 -3.237820 -0.435261
81.200000 -1.128101 -3.080474 -0.440403
81.250000 -1.277894 -2.900025 -0.444183
81.300000 -1.418104 -2.697825 -0.446486
81.350000 -1.547677 -2.475391 -0.447245
81.400000 -1.665643 -2.234392 -0.446435
81.450000 -1.771116 -1.976635 -0.444083
81.500000 -1.863306 -1.704054 -0.440257
81.550000 -1.941522 -1.418692 -0.435072
81.600000 -2.005175 -1.122689 -0.428684
81.650000 -2.053790 -0.818267 -0.421284
81.700000 -2.087002 -0.507707 -0.413094
81.750000 -2.104561 -0.193340 -0.404358
81.800000 -2.106336 0.122477 -0.395339
81.850000 -2.092313 0.437376 -0.386307
81.900000 -2.062599 0.748994 -0.377531
81.950000 -2.017414 1.054995 -0.369275
82.000000 -1.957099 1.353084 -0.361786
82.050000 -1.882106 1.641024 -0.355288
82.100000 -1.792997 1.916657 -0.349976
82.150000 -1.690440 2.177914 -0.346008
82.200000 -1.575205 2.422838 -0.343504
82.250000 -1.448156 2.649590 -0.342539
82.300000 -1.310246 2.856470 -0.343141
82.350000 -1.162509 3.041927 -0.345293
82.400000 -1.006053 3.204569 -0.348930
82.450000 -0.842052 3.343177 -0.353943
82.500000 -0.671736 3.456711 -0.360181
82.550000 -0.496381 3.544320 -0.367460
82.600000 -0.317304 3.605346 -0.375559
82.650000 -0.135847 3.639332 -0.384237
82.700000 0.046629 3.646024 -0.393234
82.750000 0.228756 3.625370 -0.402280
82.800000 0.409166 3.577526 -0.411106
82.850000 0.586508 3.502850 -0.419445
82.900000 0.759451 3.401903 -0.427049
82.950000 0.926699 3.275442 -0.433690
83.000000 1.086996 3.124415 -0.439169
83.050000 1.239140 2.949955 -0.443322
83.100000 1.381991 2.753370 -0.446025
83.150000 1.514477 2.536135 -0.447196
83.200000 1.635605 2.299879 -0.446802
83.250000 1.744465 2.046373 -0.444852
83.300000 1.840242 1.777520 -0.441407
83.350000 1.922217 1.495336 -0.436568
83.400000 1.989775 1.201936 -0.430482
83.450000 2.042411 0.899522 -0.423329
83.500000 2.079728 0.590362 -0.415325
83.550000 2.101447 0.276774 -0.406709
83.600000 2.107405 -0.038890 -0.397739
83.650000 2.097558 -0.354262 -0.388683
83.700000 2.071979 -0.666977 -0.379813
83.750000 2.030860 -0.974690 -0.371395
83.800000 1.974510 -1.275093 -0.363680
83.850000 1.903351 -1.565933 -0.356899
83.900000 1.817917 -1.845028 -0.351256
83.950000 1.718848 -2.110285 -0.346920
84.000000 1.606888 -2.359715 -0.344019
84.050000 1.482877 -2.591448 -0.342642
84.100000 1.347743 -2.803744 -0.342830
84.150000 1.202502 -2.995012 -0.344576
84.200000 1.048242 -3.163818 -0.347828
84.250000 0.886120 -3.308895 -0.352490
84.300000 0.717353 -3.429156 -0.358421
84.350000 0.543205 -3.523698 -0.365444
84.400000 0.364983 -3.591812 -0.373349
84.450000 0.184024 -3.632987 -0.381898
84.500000 0.001684 -3.646915 -0.390837
84.550000 -0.180668 -3.633492 -0.399897
84.600000 -0.361665 -3.592817 -0.408807
84.650000 -0.539950 -3.525195 -0.417300
84.700000 -0.714185 -3.431135 -0.425122
84.750000 -0.883063 -3.311342 -0.432038
84.800000 -1.045319 -3.166713 -0.437842
84.850000 -1.199735 -2.998334 -0.442360
84.900000 -1.345152 -2.807468 -0.445456
84.950000 -1.480481 -2.595545 -0.447038
85.000000 -1.604707 -2.364156 -0.447059
85.050000 -1.716897 -2.115036 -0.445517
85.100000 -1.816210 -1.850053 -0.442459
85.150000 -1.901902 -1.571194 -0.437977
85.200000 -1.973330 -1.280552 -0.432204
85.250000 -2.029957 -0.980305 -0.425314
85.300000 -2.071360 -0.672707 -0.417513
85.350000 -2.097228 -0.360062 -0.409034
85.400000 -2.107367 -0.044718 -0.400132
85.450000 -2.101700 0.270962 -0.391073
85.500000 -2.080270 0.584610 -0.382128
85.550000 -2.043239 0.893873 -0.373564
85.600000 -1.990883 1.196432 -0.365640
85.650000 -1.923596 1.490018 -0.358591
85.700000 -1.841881 1.772429 -0.352629
85.750000 -1.746353 2.041546 -0.347932
85.800000 -1.637727 2.295352 -0.344642
85.850000 -1.516817 2.531943 -0.342855
85.900000 -1.384532 2.749544 -0.342627
85.950000 -1.241863 2.946524 -0.343964
86.000000 -1.089880 3.121405 -0.346826
86.050000 -0.929723 3.272875 -0.351126
86.100000 -0.762592 3.399799 -0.356737
86.150000 -0.589743 3.501224 -0.363491
86.200000 -0.412470 3.576390 -0.371184
86.250000 -0.232104 3.624733 -0.379587
86.300000 -0.049997 3.645890 -0.388449
86.350000 0.132485 3.639704 -0.397503
86.400000 0.313974 3.606219 -0.406478
86.450000 0.493107 3.545688 -0.415107
86.500000 0.668542 3.458564 -0.423130
86.550000 0.838964 3.345501 -0.430308
86.600000 1.003093 3.207347 -0.436425
86.650000 1.159698 3.045138 -0.441298
86.700000 1.307606 2.860090 -0.444781
86.750000 1.445707 2.653591 -0.446770
86.800000 1.572966 2.427191 -0.447206
86.850000 1.688426 2.182587 -0.446075
86.900000 1.791224 1.921613 -0.443411
86.950000 1.880588 1.646227 -0.439295
87.000000 1.955847 1.358494 -0.433848
87.050000 2.016437 1.060573 -0.427235
87.100000 2.061904 0.754697 -0.419653
87.150000 2.091907 0.443162 -0.411330
87.200000 2.106220 0.128302 -0.402514
87.250000 2.104737 -0.187520 -0.393470
87.300000 2.087468 -0.501935 -0.384468
87.350000 2.054544 -0.812586 -0.375779
87.400000 2.006210 -1.117143 -0.367661
87.450000 1.942829 -1.413320 -0.360359
87.500000 1.864878 -1.698899 -0.354090
87.550000 1.772939 -1.971735 -0.349043
87.600000 1.667704 -2.229783 -0.345369
87.650000 1.549961 -2.471108 -0.343178
87.700000 1.420593 -2.693900 -0.342535
87.750000 1.280571 -2.896487 -0.343459
87.800000 1.130945 -3.077351 -0.345924
87.850000 0.972836 -3.235134 -0.349855
87.900000 0.807431 -3.368654 -0.355134
87.950000 0.635971 -3.476909 -0.361603
88.000000 0.459740 -3.559088 -0.369069
88.050000 0.280062 -3.614573 -0.377308
88.100000 0.098283 -3.642949 -0.386074
88.150000 -0.084233 -3.644003 -0.395103
88.200000 -0.266117 -3.617726 -0.404126
88.250000 -0.446006 -3.564317 -0.412872
88.300000 -0.622549 -3.484175 -0.421080
88.350000 -0.794423 -3.377903 -0.428503
88.400000 -0.960339 -3.246295 -0.434920
88.450000 -1.119053 -3.090341 -0.440138
88.500000 -1.269373 -2.911209 -0.444001
88.550000 -1.410174 -2.710243 -0.446394
88.600000 -1.540398 -2.488950 -0.447244
88.650000 -1.659069 -2.248990 -0.446526
88.700000 -1.765297 -1.992163 -0.444262
88.750000 -1.858285 -1.720394 -0.440519
88.800000 -1.937336 -1.435723 -0.435411
88.850000 -2.001857 -1.140283 -0.429088
88.900000 -2.051364 -0.836292 -0.421742
88.950000 -2.085486 -0.526028 -0.413591
89.000000 -2.103967 -0.211819 -0.404881
89.050000 -2.106668 0.103979 -0.395871
89.100000 -2.093569 0.418997 -0.386831
89.150000 -2.064769 0.730872 -0.378033
89.200000 -2.020482 1.037266 -0.369740
89.250000 -1.961042 1.335880 -0.362199
89.300000 -1.886894 1.624475 -0.355637
89.350000 -1.798594 1.900887 -0.350251
89.400000 -1.696805 2.163042 -0.346201
89.450000 -1.582290 2.408974 -0.343609
89.500000 -1.455908 2.636839 -0.342552
89.550000 -1.318606 2.844927 -0.343063
89.600000 -1.171415 3.031679 -0.345125
89.650000 -1.015438 3.195693 -0.348677
89.700000 -0.851846 3.335739 -0.353613
89.750000 -0.681864 3.450768 -0.359785
89.800000 -0.506769 3.539915 -0.367008
89.850000 -0.327873 3.602513 -0.375066
89.900000 -0.146518 3.638093 -0.383717
89.950000 0.035936 3.646386 -0.392703
90.000000 0.218121 3.627332 -0.401754
90.050000 0.398670 3.581073 -0.410599
90.100000 0.576228 3.507955 -0.418974
90.150000 0.749465 3.408528 -0.426628
90.200000 0.917081 3.283537 -0.433331
90.250000 1.077819 3.133920 -0.438883
90.300000 1.230473 2.960798 -0.443118
90.350000 1.373899 2.765470 -0.445908
90.400000 1.507020 2.549401 -0.447171
90.450000 1.628839 2.314212 -0.446868
90.500000 1.738441 2.061666 -0.445008
90.550000 1.835005 1.793657 -0.441648
90.600000 1.917807 1.512197 -0.436888
90.650000 1.986225 1.219394 -0.430869
90.700000 2.039746 0.917446 -0.423774
90.750000 2.077970 0.608618 -0.415813
90.800000 2.100608 0.295224 -0.407226
90.850000 2.107492 -0.020383 -0.398269
90.900000 2.098570 -0.335838 -0.389211
90.950000 2.073908 -0.648774 -0.380323
91.000000 2.033692 -0.956844 -0.371871
91.050000 1.978224 -1.257738 -0.364108
91.100000 1.907919 -1.549198 -0.357267
91.150000 1.823304 -1.829040 -0.351552
91.200000 1.725015 -2.095164 -0.347135
91.250000 1.613788 -2.345574 -0.344148
91.300000 1.490457 -2.578392 -0.342680
91.350000 1.355948 -2.791873 -0.342775
91.400000 1.211270 -2.984414 -0.344431
91.450000 1.057507 -3.154572 -0.347598
91.500000 0.895813 -3.301071 -0.352180
91.550000 0.727400 -3.422812 -0.358042
91.600000 0.553532 -3.518882 -0.365006
91.650000 0.375512 -3.588560 -0.372866
91.700000 0.194675 -3.631324 -0.381384
91.750000 0.012379 -3.646854 -0.390307
91.800000 -0.170010 -3.635031 -0.399368
91.850000 -0.351124 -3.595946 -0.408294
91.900000 -0.529605 -3.529892 -0.416818
91.950000 -0.704113 -3.437363 -0.424686
92.000000 -0.873341 -3.319054 -0.431662
92.050000 -1.036018 -3.175852 -0.437536
92.100000 -1.190926 -3.008831 -0.442133
92.150000 -1.336902 -2.819244 -0.445316
92.200000 -1.472850 -2.608513 -0.446988
92.250000 -1.597753 -2.378217 -0.447101
92.300000 -1.710672 -2.130085 -0.445650
92.350000 -1.810761 -1.865978 -0.442679
92.400000 -1.897270 -1.587876 -0.438276
92.450000 -1.969549 -1.297864 -0.432575
92.500000 -2.027056 -0.998119 -0.425745
92.550000 -2.069361 -0.690887 -0.417991
92.600000 -2.096145 -0.378475 -0.409545
92.650000 -2.107208 -0.063223 -0.400660
92.700000 -2.102467 0.252503 -0.391603
92.750000 -2.081958 0.566335 -0.382644
92.800000 -2.045834 0.875919 -0.374051
92.850000 -1.994366 1.178934 -0.366082
92.900000 -1.927941 1.473107 -0.358976
92.950000 -1.847055 1.756232 -0.352945
93.000000 -1.752317 2.026185 -0.348170
93.050000 -1.644437 2.280941 -0.344794
93.100000 -1.524223 2.518591 -0.342917
93.150000 -1.392578 2.737351 -0.342597
93.200000 -1.250488 2.935581 -0.343843
93.250000 -1.099020 3.111794 -0.346617
93.300000 -0.939309 3.264668 -0.350837
93.350000 -0.772553 3.393058 -0.356375
93.400000 -0.600003 3.496000 -0.363067
93.450000 -0.422953 3.572721 -0.370711
93.500000 -0.242731 3.622648 -0.379080
93.550000 -0.060688 3.645404 -0.387922
93.600000 0.121810 3.640820 -0.396972
93.650000 0.303394 3.608930 -0.405960
93.700000 0.482703 3.549973 -0.414616
93.750000 0.658391 3.464391 -0.422681
93.800000 0.829142 3.352826 -0.429915
93.850000 0.993674 3.216114 -0.436099
93.900000 1.150753 3.055282 -0.441049
93.950000 1.299202 2.871536 -0.444617
94.000000 1.437907 2.666253 -0.446696
94.050000 1.565827 2.440973 -0.447224
94.100000 1.682004 2.197385 -0.446184
94.150000 1.785566 1.937318 -0.443609
94.200000 1.875736 1.662720 -0.439574
94.250000 1.951838 1.375652 -0.434201
94.300000 2.013301 1.078267 -0.427651
94.350000 2.059664 0.772794 -0.420120
94.400000 2.090580 0.461526 -0.411834
94.450000 2.105817 0.146796 -0.403040
94.500000 2.105260 -0.169035 -0.394001
94.550000 2.088913 -0.483598 -0.384990
94.600000 2.056900 -0.794534 -0.376274
94.650000 2.009460 -1.099511 -0.368116
94.700000 1.946949 -1.396241 -0.360760
94.750000 1.869836 -1.682500 -0.354425
94.800000 1.778699 -1.956140 -0.349303
94.850000 1.674222 -2.215109 -0.345545
94.900000 1.557188 -2.457465 -0.343264
94.950000 1.428475 -2.681390 -0.342529
95.000000 1.289049 -2.885204 -0.343362
95.050000 1.139955 -3.067380 -0.345738
95.100000 0.982311 -3.226550 -0.349586
95.150000 0.817300 -3.361520 -0.354790
95.200000 0.646159 -3.471280 -0.361194
95.250000 0.470172 -3.555005 -0.368608
95.300000 0.290659 -3.612067 -0.376808
95.350000 0.108965 -3.642039 -0.385550
95.400000 -0.073545 -3.644695 -0.394572
95.450000 -0.255504 -3.620017 -0.403602
95.500000 -0.435547 -3.568188 -0.412372
95.550000 -0.612323 -3.489597 -0.420618
95.600000 -0.784507 -3.384835 -0.428094
95.650000 -0.950807 -3.254687 -0.434576
95.700000 -1.109975 -3.100128 -0.439868
95.750000 -1.260819 -2.922319 -0.443814
95.800000 -1.402207 -2.722592 -0.446295
95.850000 -1.533078 -2.502445 -0.447237
95.900000 -1.652452 -2.263530 -0.446611
95.950000 -1.759432 -2.007639 -0.444436
96.000000 -1.853216 -1.736691 -0.440778
96.050000 -1.933101 -1.452717 -0.435745
96.100000 -1.998487 -1.157848 -0.429489
96.150000 -2.048885 -0.854295 -0.422197
96.200000 -2.083917 -0.544335 -0.414087
96.250000 -2.103319 -0.230292 -0.405402
96.300000 -2.106946 0.085478 -0.396402
96.350000 -2.094771 0.400607 -0.387357
96.400000 -2.066885 0.712731 -0.378537
96.450000 -2.023498 1.019510 -0.370207
96.500000 -1.964934 1.318642 -0.362616
96.550000 -1.891634 1.607885 -0.355991
96.600000 -1.804146 1.885068 -0.350531
96.650000 -1.703127 2.148114 -0.346399
96.700000 -1.589335 2.395048 -0.343719
96.750000 -1.463622 2.624020 -0.342571
96.800000 -1.326933 2.833312 -0.342990
96.850000 -1.180291 3.021353 -0.344962
96.900000 -1.024797 3.186735 -0.348430
96.950000 -0.861617 3.328216 -0.353289
97.000000 -0.691976 3.444736 -0.359393
97.050000 -0.517144 3.535419 -0.366560
97.100000 -0.338434 3.599588 -0.374575
97.150000 -0.157185 3.636759 -0.383199
97.200000 0.025242 3.646655 -0.392172
97.250000 0.207480 3.629201 -0.401227
97.300000 0.388162 3.584528 -0.410092
97.350000 0.565933 3.512970 -0.418501
97.400000 0.739459 3.415066 -0.426204
97.450000 0.907440 3.291549 -0.432969
97.500000 1.068614 3.143344 -0.438593
97.550000 1.221774 2.971565 -0.442909
97.600000 1.365771 2.777499 -0.445786
97.650000 1.499524 2.562602 -0.447140
97.700000 1.622031 2.328486 -0.446929
97.750000 1.732373 2.076905 -0.445160
97.800000 1.829722 1.809748 -0.441885
97.850000 1.913347 1.529018 -0.437203
97.900000 1.982623 1.236820 -0.431254
97.950000 2.037030 0.935346 -0.424216
98.000000 2.076158 0.626857 -0.416299
98.050000 2.099715 0.313667 -0.407742
98.100000 2.107525 -0.001876 -0.398799
98.150000 2.099528 -0.317405 -0.389740
98.200000 2.075784 -0.630553 -0.380834
98.250000 2.036472 -0.938973 -0.372350
98.300000 1.981887 -1.240350 -0.364540
98.350000 1.912437 -1.532424 -0.357639
98.400000 1.828645 -1.813005 -0.351853
98.450000 1.731137 -2.079989 -0.347356
98.500000 1.620646 -2.331372 -0.344282
98.550000 1.498000 -2.565271 -0.342723
98.600000 1.364119 -2.779930 -0.342726
98.650000 1.220007 -2.973739 -0.344292
98.700000 1.066745 -3.145245 -0.347372
98.750000 0.905482 -3.293162 -0.351875
98.800000 0.737428 -3.416381 -0.357666
98.850000 0.563844 -3.513976 -0.364571
98.900000 0.386031 -3.585217 -0.372385
98.950000 0.205322 -3.629568 -0.380872
99.000000 0.023074 -3.646698 -0.389778
99.050000 -0.159347 -3.636477 -0.398838
99.100000 -0.340574 -3.598983 -0.407779
99.150000 -0.519246 -3.534497 -0.416335
99.200000 -0.694023 -3.443502 -0.424248
99.250000 -0.863596 -3.326680 -0.431282
99.300000 -1.026691 -3.184909 -0.437226
99.350000 -1.182087 -3.019250 -0.441902
99.400000 -1.328616 -2.830948 -0.445170
99.450000 -1.465182 -2.621413 -0.446933
99.500000 -1.590758 -2.392217 -0.447138
99.550000 -1.704403 -2.145080 -0.445777
99.600000 -1.805266 -1.881855 -0.442893
99.650000 -1.892589 -1.604516 -0.438572
99.700000 -1.965717 -1.315143 -0.432942
99.750000 -2.024103 -1.015906 -0.426173
99.800000 -2.067308 -0.709051 -0.418467
99.850000 -2.095008 -0.396877 -0.410055
99.900000 -2.106996 -0.081727 -0.401188
99.950000 -2.103181 0.234037 -0.392133
100.000000 -2.083592 0.548045 -0.383161
100.050000 -2.048376 0.857942 -0.374539
