#Posizione iniziale=2.000000
#Velocita' iniziale=1.000000
#Pulsazione al quadrato=3.000000
#Tempo massimo di integrazione=100.000000
#Passo di tempo=0.100000
#E' stato utilizzato l'algoritmo Verlet Posizioni
#Legenda
#1:t 2:x 3:v 4:dE
0 2.000000 1.000000 0
0.100000 2.100000 0.685000 -0.433217
0.200000 2.137000 0.049450 -0.398525
0.300000 2.109890 -0.587583 -0.361565
0.400000 2.019483 -1.206989 -0.326739
0.500000 1.868492 -1.790186 -0.298195
0.600000 1.661446 -2.319677 -0.279332
0.700000 1.404557 -2.779577 -0.272397
0.800000 1.105531 -3.156090 -0.278216
0.900000 0.773339 -3.437921 -0.296096
1.000000 0.417947 -3.616613 -0.323907
1.100000 0.050016 -3.686808 -0.358337
1.200000 -0.319415 -3.646398 -0.395285
1.300000 -0.679263 -3.496596 -0.430352
1.400000 -1.018734 -3.241897 -0.459360
1.500000 -1.327643 -2.889940 -0.478854
1.600000 -1.596722 -2.451285 -0.486513
1.700000 -1.817900 -1.939092 -0.481425
1.800000 -1.984541 -1.368726 -0.464196
1.900000 -2.091645 -0.757298 -0.436877
2.000000 -2.136000 -0.123151 -0.402723
2.100000 -2.116275 0.514690 -0.365800
2.200000 -2.033062 1.137091 -0.330507
2.300000 -1.888857 1.725379 -0.301047
2.400000 -1.687986 2.261905 -0.280929
2.500000 -1.436476 2.730574 -0.272549
2.600000 -1.141872 3.117327 -0.276904
2.700000 -0.813011 3.410559 -0.293476
2.800000 -0.459760 3.601475 -0.320292
2.900000 -0.092716 3.684346 -0.354157
3.000000 0.277109 3.656687 -0.391039
3.100000 0.638621 3.519327 -0.426544
3.200000 0.980975 3.276388 -0.456444
3.300000 1.293899 2.935157 -0.477178
3.400000 1.568006 2.505871 -0.486277
3.500000 1.795073 2.001409 -0.482656
3.600000 1.968288 1.436905 -0.466747
3.700000 2.082454 0.829293 -0.440445
3.800000 2.134147 0.196803 -0.406883
3.900000 2.121815 -0.441591 -0.370057
4.000000 2.045829 -1.066737 -0.334353
4.100000 1.908467 -1.659882 -0.304025
4.200000 1.713852 -2.203230 -0.282683
4.300000 1.467821 -2.680481 -0.272871
4.400000 1.177756 -3.077317 -0.275755
4.500000 0.852358 -3.381834 -0.290994
4.600000 0.501389 -3.584897 -0.316772
4.700000 0.135379 -3.680412 -0.350018
4.800000 -0.234693 -3.665515 -0.386774
4.900000 -0.597724 -3.540652 -0.422661
5.000000 -0.942824 -3.309570 -0.453406
5.100000 -1.259638 -2.979200 -0.475346
5.200000 -1.538664 -2.559455 -0.485869
5.300000 -1.771529 -2.062926 -0.483722
5.400000 -1.951249 -1.504510 -0.469159
5.500000 -2.072431 -0.900958 -0.443916
5.600000 -2.131440 -0.270377 -0.410999
5.700000 -2.126506 0.368315 -0.374329
5.800000 -2.057777 0.995958 -0.338272
5.900000 -1.927315 1.593722 -0.307123
6.000000 -1.739033 2.143674 -0.284592
6.100000 -1.498580 2.629316 -0.273363
6.200000 -1.213170 3.036078 -0.274773
6.300000 -0.891364 3.351759 -0.288653
6.400000 -0.542818 3.566886 -0.313352
6.500000 -0.177987 3.675007 -0.345926
6.600000 0.192183 3.672877 -0.382497
6.700000 0.556588 3.560562 -0.418709
6.800000 0.904296 3.341429 -0.450249
6.900000 1.224874 3.022054 -0.473361
7.000000 1.508706 2.612017 -0.485292
7.100000 1.747277 2.123619 -0.484621
7.200000 1.933430 1.571513 -0.471428
7.300000 2.061580 0.972261 -0.447284
7.400000 2.127882 0.343842 -0.415065
7.500000 2.130348 -0.294892 -0.378609
7.600000 2.068904 -0.924780 -0.342256
7.700000 1.945392 -1.526925 -0.310337
7.800000 1.763519 -2.083261 -0.286653
7.900000 1.528740 -2.577100 -0.274025
8.000000 1.248099 -2.993626 -0.273958
8.100000 0.930015 -3.320343 -0.286458
8.200000 0.584030 -3.547450 -0.310037
8.300000 0.220525 -3.668133 -0.341888
8.400000 -0.149596 -3.678772 -0.378215
8.500000 -0.515230 -3.579048 -0.414694
8.600000 -0.865406 -3.371953 -0.446979
8.700000 -1.189620 -3.063699 -0.471226
8.800000 -1.478146 -2.663534 -0.484545
8.900000 -1.722327 -2.183463 -0.485352
9.000000 -1.914839 -1.637888 -0.473550
9.100000 -2.049905 -1.043177 -0.450544
9.200000 -2.123474 -0.417170 -0.419075
9.300000 -2.133339 0.221352 -0.382890
9.400000 -2.079204 0.853233 -0.346300
9.500000 -1.962692 1.459518 -0.313661
9.600000 -1.787300 2.022016 -0.288862
9.700000 -1.558289 2.523855 -0.274856
9.800000 -1.282529 2.949977 -0.273311
9.900000 -0.968293 3.287601 -0.284411
10.000000 -0.625009 3.526596 -0.306834
10.100000 -0.262974 3.659794 -0.337909
10.200000 0.106950 3.683197 -0.373936
10.300000 0.473665 3.596105 -0.410623
10.400000 0.826171 3.401130 -0.443602
10.500000 1.153891 3.104120 -0.468944
10.600000 1.446995 2.713987 -0.483631
10.700000 1.696689 2.242435 -0.485914
10.800000 1.895482 1.703609 -0.475521
10.900000 2.037411 1.113675 -0.453690
11.000000 2.118217 0.490331 -0.423020
11.100000 2.135477 -0.147723 -0.387166
11.200000 2.088672 -0.781345 -0.350396
11.300000 1.979208 -1.391527 -0.317091
11.400000 1.810367 -1.959963 -0.291216
11.500000 1.587215 -2.469601 -0.275854
11.600000 1.316447 -2.905150 -0.272834
11.700000 1.006185 -3.253545 -0.282516
11.800000 0.665738 -3.504333 -0.303747
11.900000 0.305319 -3.649992 -0.333997
12.000000 -0.064260 -3.686150 -0.369665
12.100000 -0.431912 -3.611725 -0.406503
12.200000 -0.786605 -3.428947 -0.440122
12.300000 -1.117701 -3.143301 -0.466519
12.400000 -1.415266 -2.763356 -0.482550
12.500000 -1.670372 -2.300510 -0.486306
12.600000 -1.875368 -1.768649 -0.477339
12.700000 -2.024102 -1.183729 -0.456717
12.800000 -2.112113 -0.563297 -0.426897
12.900000 -2.136761 0.074035 -0.391429
13.000000 -2.097307 0.709145 -0.354539
13.100000 -1.994932 1.322981 -0.320620
13.200000 -1.832710 1.897127 -0.293711
13.300000 -1.615507 2.414360 -0.277017
13.400000 -1.349838 2.859162 -0.272528
13.500000 -1.043675 3.218189 -0.280776
13.600000 -0.706201 3.480670 -0.300780
13.700000 -0.347541 3.638731 -0.330158
13.800000 0.021545 3.687630 -0.365410
13.900000 0.389985 3.625901 -0.402339
14.000000 0.746726 3.455394 -0.436545
14.100000 1.081064 3.181226 -0.463955
14.200000 1.382971 2.811620 -0.481304
14.300000 1.643388 2.357667 -0.486527
14.400000 1.854504 1.832983 -0.479000
14.500000 2.009985 1.253309 -0.459621
14.600000 2.105166 0.636037 -0.430697
14.700000 2.137192 -0.000317 -0.395674
14.800000 2.105103 -0.636661 -0.358722
14.900000 2.009860 -1.253905 -0.324243
15.000000 1.854321 -1.833533 -0.296343
15.100000 1.643153 -2.358154 -0.278345
15.200000 1.382691 -2.812030 -0.272392
15.300000 1.080747 -3.181546 -0.279194
15.400000 0.746381 -3.455616 -0.297940
15.500000 0.389624 -3.626016 -0.326398
15.600000 0.021178 -3.687637 -0.361178
15.700000 -0.347903 -3.638628 -0.398138
15.800000 -0.706547 -3.480460 -0.432877
15.900000 -1.043995 -3.217879 -0.461256
16.000000 -1.350123 -2.858761 -0.479896
16.100000 -1.615747 -2.413881 -0.486576
16.200000 -1.832899 -1.896584 -0.480502
16.300000 -1.995064 -1.322389 -0.462397
16.400000 -2.097377 -0.708523 -0.434416
16.500000 -2.136769 -0.073401 -0.399893
16.600000 -2.112057 0.563923 -0.362939
16.700000 -2.023984 1.184329 -0.327955
16.800000 -1.875192 1.769205 -0.299108
16.900000 -1.670143 2.301006 -0.279834
17.000000 -1.414990 2.763776 -0.272428
17.100000 -1.117388 3.143632 -0.277772
17.200000 -0.786264 3.429180 -0.295230
17.300000 -0.431552 3.611853 -0.322722
17.400000 -0.063893 3.686169 -0.356975
17.500000 0.305682 3.649901 -0.393908
17.600000 0.666087 3.504136 -0.429123
17.700000 1.006509 3.253246 -0.458426
17.800000 1.316736 2.904760 -0.478327
17.900000 1.587461 2.469130 -0.486455
18.000000 1.810562 1.959427 -0.481843
18.100000 1.979346 1.390940 -0.465040
18.200000 2.088750 0.780726 -0.438047
18.300000 2.135492 0.147090 -0.404079
18.400000 2.118168 -0.490959 -0.367181
18.500000 2.037300 -1.114280 -0.331749
18.600000 1.895312 -1.704171 -0.302001
18.700000 1.696465 -2.242938 -0.281482
18.800000 1.446725 -2.714416 -0.272635
18.900000 1.153582 -3.104462 -0.276513
19.000000 0.825832 -3.401375 -0.292654
19.100000 0.473307 -3.596245 -0.319137
19.200000 0.106583 -3.683229 -0.352808
19.300000 -0.263339 -3.659716 -0.389655
19.400000 -0.625360 -3.526411 -0.425290
19.500000 -0.968621 -3.287314 -0.455470
19.600000 -1.282823 -2.949597 -0.476600
19.700000 -1.558540 -2.523393 -0.486163
19.800000 -1.787501 -2.021486 -0.483020
19.900000 -1.962838 -1.458936 -0.467547
20.000000 -2.079289 -0.852617 -0.441584
20.100000 -2.133361 -0.220719 -0.408225
20.200000 -2.123432 0.417800 -0.371444
20.300000 -2.049801 1.043785 -0.335619
20.400000 -1.914675 1.638456 -0.305019
20.500000 -1.722110 2.183974 -0.283287
20.600000 -1.477881 2.663972 -0.273012
20.700000 -1.189315 3.064052 -0.275418
20.800000 -0.865070 3.372210 -0.290218
20.900000 -0.514873 3.579201 -0.315649
21.000000 -0.149230 3.678817 -0.348683
21.100000 0.220890 3.668068 -0.385385
21.200000 0.584383 3.547277 -0.421384
21.300000 0.930345 3.320067 -0.452393
21.400000 1.248397 2.993256 -0.474718
21.500000 1.528997 2.576647 -0.485700
21.600000 1.763726 2.082738 -0.484032
21.700000 1.945544 1.526348 -0.469912
21.800000 2.068996 0.924167 -0.445022
21.900000 2.130378 0.294261 -0.412326
22.000000 2.127848 -0.344473 -0.375719
22.100000 2.061483 -0.972873 -0.339559
22.200000 1.933274 -1.572086 -0.308155
22.300000 1.747066 -2.124137 -0.285246
22.400000 1.508446 -2.612464 -0.273560
22.500000 1.224573 -3.022417 -0.274489
22.600000 0.903963 -3.341697 -0.287924
22.700000 0.556234 -3.560727 -0.312263
22.800000 0.191817 -3.672934 -0.344608
22.900000 -0.178353 -3.674954 -0.381106
23.000000 -0.543173 -3.566725 -0.417411
23.100000 -0.891698 -3.351494 -0.449199
23.200000 -1.213472 -3.035719 -0.472683
23.300000 -1.498842 -2.628871 -0.485068
23.400000 -1.739246 -2.143158 -0.484877
23.500000 -1.927474 -1.593150 -0.472134
23.600000 -2.057877 -0.995348 -0.448355
23.700000 -2.126543 -0.367685 -0.416375
23.800000 -2.131413 0.271009 -0.380000
23.900000 -2.072341 0.901572 -0.343564
24.000000 -1.951099 1.505088 -0.311405
24.100000 -1.771324 2.063451 -0.287355
24.200000 -1.538409 2.559911 -0.274277
24.300000 -1.259342 2.979574 -0.273729
24.400000 -0.942494 3.309849 -0.285776
24.500000 -0.597372 3.540829 -0.308984
24.600000 -0.234328 3.665584 -0.340588
24.700000 0.135745 3.680371 -0.376824
24.800000 0.501746 3.584748 -0.413377
24.900000 0.852695 3.381582 -0.445894
25.000000 1.178062 3.076968 -0.470500
25.100000 1.468088 2.680046 -0.484266
25.200000 1.714072 2.202722 -0.485553
25.300000 1.908633 1.659316 -0.474207
25.400000 2.045935 1.066131 -0.451579
25.500000 2.121859 0.440962 -0.420364
25.600000 2.134127 -0.197436 -0.384280
25.700000 2.082372 -0.829911 -0.347625
25.800000 1.968145 -1.437488 -0.314764
25.900000 1.794874 -2.001941 -0.289611
26.000000 1.567757 -2.506336 -0.275162
26.100000 1.293607 -2.935540 -0.273137
26.200000 0.980649 -3.276679 -0.283778
26.300000 0.638271 -3.519517 -0.305818
26.400000 0.276745 -3.656769 -0.336630
26.500000 -0.093083 -3.684318 -0.372547
26.600000 -0.460118 -3.601338 -0.409290
26.700000 -0.813350 -3.410318 -0.442482
26.800000 -1.142182 -3.116988 -0.468171
26.900000 -1.436748 -2.730149 -0.483298
27.000000 -1.688212 -2.261405 -0.486060
27.100000 -1.889029 -1.724818 -0.476128
27.200000 -2.033175 -1.136488 -0.454687
27.300000 -2.116326 -0.514063 -0.424288
27.400000 -2.135988 0.123785 -0.388553
27.500000 -2.091570 0.757918 -0.351738
27.600000 -1.984404 1.369314 -0.318227
27.700000 -1.817707 1.939631 -0.292011
27.800000 -1.596478 2.451759 -0.276214
27.900000 -1.327355 2.890334 -0.272716
28.000000 -1.018411 3.242199 -0.281933
28.100000 -0.678915 3.496798 -0.302769
28.200000 -0.319052 3.646493 -0.332742
28.300000 0.050383 3.686793 -0.368281
28.400000 0.418307 3.616489 -0.405154
28.500000 0.773681 3.437691 -0.438970
28.600000 1.105845 3.155762 -0.465701
28.700000 1.404834 2.779160 -0.482163
28.800000 1.661677 2.319184 -0.486396
28.900000 1.868670 1.789632 -0.477896
29.000000 2.019603 1.206391 -0.457674
29.100000 2.109948 0.586958 -0.428140
29.200000 2.136995 -0.050084 -0.392811
29.300000 2.099932 -0.685623 -0.355894
29.400000 1.999871 -1.300593 -0.321787
29.500000 1.839813 -1.876546 -0.294551
29.600000 1.624561 -2.396202 -0.277431
29.700000 1.360573 -2.843972 -0.272465
29.800000 1.055767 -3.206423 -0.280244
29.900000 0.719288 -3.472681 -0.299843
30.000000 0.361231 -3.634759 -0.328927
30.100000 -0.007664 -3.687794 -0.364032
30.200000 -0.376328 -3.630195 -0.400978
30.300000 -0.733703 -3.463691 -0.435363
30.400000 -1.069066 -3.193275 -0.463092
30.500000 -1.372358 -2.827062 -0.480864
30.600000 -1.634479 -2.376036 -0.486562
30.700000 -1.847565 -1.853730 -0.479506
30.800000 -2.005225 -1.275811 -0.460537
30.900000 -2.102727 -0.659619 -0.431915
31.000000 -2.137148 -0.023637 -0.397048
31.100000 -2.107455 0.613053 -0.360089
31.200000 -2.014538 1.231352 -0.325440
31.300000 -1.861184 1.812710 -0.297227
31.400000 -1.651996 2.339687 -0.278811
31.500000 -1.393247 2.796474 -0.272385
31.600000 -1.092701 3.169366 -0.278714
31.700000 -0.759374 3.447177 -0.297045
31.800000 -0.403265 3.621573 -0.325194
31.900000 -0.035059 3.687322 -0.359809
32.000000 0.334199 3.642451 -0.396767
32.100000 0.693431 3.488306 -0.431666
32.200000 1.031860 3.229512 -0.460350
32.300000 1.339333 2.873833 -0.479403
32.400000 1.606627 2.431939 -0.486556
32.500000 1.825721 1.917087 -0.480956
32.600000 1.990044 1.344722 -0.463270
32.700000 2.094666 0.732016 -0.435606
32.800000 2.136447 0.097349 -0.401257
32.900000 2.114136 -0.540239 -0.364315
33.000000 2.028400 -1.161619 -0.329179
33.100000 1.881812 -1.748151 -0.300034
33.200000 1.678770 -2.282238 -0.280352
33.300000 1.425364 -2.747858 -0.272476
33.400000 1.129198 -3.131042 -0.277345
33.500000 0.799156 -3.420295 -0.294378
33.600000 0.445139 -3.606939 -0.321547
33.700000 0.077768 -3.685375 -0.355616
33.800000 -0.291936 -3.653250 -0.392528
33.900000 -0.652882 -3.511528 -0.427886
34.000000 -0.994242 -3.264459 -0.457479
34.100000 -1.305774 -2.919457 -0.477783
34.200000 -1.578133 -2.486871 -0.486379
34.300000 -1.803148 -1.979678 -0.482244
34.400000 -1.974069 -1.413096 -0.465870
34.500000 -2.085767 -0.804121 -0.439207
34.600000 -2.134893 -0.171022 -0.405431
34.700000 -2.119972 0.467208 -0.368564
34.800000 -2.041451 1.091421 -0.332998
34.900000 -1.901687 1.682892 -0.302968
35.000000 -1.704873 2.223876 -0.282051
35.100000 -1.456912 2.698144 -0.272738
35.200000 -1.165244 3.091467 -0.276139
35.300000 -0.838619 3.392047 -0.291847
35.400000 -0.486835 3.590865 -0.317993
35.500000 -0.120446 3.681957 -0.351462
35.600000 0.249557 3.662590 -0.388269
35.700000 0.612072 3.533346 -0.424029
35.800000 0.956226 3.298101 -0.454483
35.900000 1.271693 2.963913 -0.476005
36.000000 1.549008 2.540808 -0.486031
36.100000 1.779854 2.041479 -0.483367
36.200000 1.957304 1.480905 -0.468331
36.300000 2.076035 0.875904 -0.442712
36.400000 2.132485 0.244626 -0.409563
36.500000 2.124960 -0.393991 -0.372832
36.600000 2.053687 -1.020788 -0.336892
36.700000 1.920803 -1.616961 -0.306025
36.800000 1.730295 -2.164626 -0.283907
36.900000 1.487878 -2.647352 -0.273171
37.000000 1.200824 -3.050657 -0.275098
37.100000 0.877746 -3.362443 -0.289457
37.200000 0.528336 -3.573355 -0.314537
37.300000 0.163075 -3.677066 -0.347353
37.400000 -0.207078 -3.670466 -0.383995
37.500000 -0.571018 -3.553752 -0.420100
37.600000 -0.917828 -3.330425 -0.451368
37.700000 -1.237103 -3.007185 -0.474073
37.800000 -1.519265 -2.593730 -0.485513
37.900000 -1.755849 -2.102463 -0.484325
38.000000 -1.939758 -1.548122 -0.470650
38.100000 -2.065473 -0.947337 -0.446117
38.200000 -2.129225 -0.318132 -0.413648
38.300000 -2.129100 0.320616 -0.377109
38.400000 -2.065102 0.949747 -0.340854
38.500000 -1.939151 1.550384 -0.309199
38.600000 -1.755025 2.104511 -0.285915
38.700000 -1.518248 2.595502 -0.273774
38.800000 -1.235925 3.008628 -0.274224
38.900000 -0.916523 3.331495 -0.287210
39.000000 -0.569626 3.554417 -0.311185
39.100000 -0.205639 3.670707 -0.343295
39.200000 0.164516 3.676875 -0.379715
39.300000 0.529736 3.572738 -0.416107
39.400000 0.879063 3.361418 -0.448137
39.500000 1.202019 3.049255 -0.471990
39.600000 1.488914 2.645615 -0.484826
39.700000 1.731142 2.162607 -0.485115
39.800000 1.921436 1.614720 -0.472824
39.900000 2.054086 1.018392 -0.449415
40.000000 2.125114 0.391512 -0.417678
40.100000 2.132389 -0.247114 -0.381391
40.200000 2.075691 -0.878326 -0.344877
40.300000 1.956724 -1.483188 -0.312485
40.400000 1.779054 -2.043554 -0.288072
40.500000 1.548013 -2.542614 -0.274546
40.600000 1.270531 -2.965396 -0.273518
40.700000 0.954933 -3.299216 -0.285110
40.800000 0.610688 -3.534059 -0.307942
40.900000 0.248122 -3.662880 -0.339295
41.000000 -0.121888 -3.681815 -0.375434
41.100000 -0.488241 -3.590296 -0.412055
41.200000 -0.839947 -3.391068 -0.444796
41.300000 -1.166455 -3.090107 -0.469759
41.400000 -1.457969 -2.696444 -0.483970
41.500000 -1.705744 -2.221887 -0.485736
41.600000 -1.902346 -1.680673 -0.474848
41.700000 -2.041878 -1.089040 -0.452601
41.800000 -2.120154 -0.464735 -0.421646
41.900000 -2.134825 0.173512 -0.385670
42.000000 -2.085452 0.806554 -0.348956
42.100000 -1.973515 1.415399 -0.315878
42.200000 -1.802372 1.981782 -0.290376
42.300000 -1.577158 2.488711 -0.275486
42.400000 -1.304630 2.920979 -0.272982
42.500000 -0.992962 3.265618 -0.283162
42.600000 -0.651506 3.512288 -0.304814
42.700000 -0.290505 3.653590 -0.335359
42.800000 0.079212 3.685284 -0.371159
42.900000 0.446552 3.606419 -0.407951
43.000000 0.800496 3.419362 -0.441352
43.100000 1.130425 3.129724 -0.467384
43.200000 1.426441 2.746194 -0.482947
43.300000 1.679663 2.280279 -0.486188
43.400000 1.882496 1.745955 -0.476720
43.500000 2.028854 1.159252 -0.455671
43.600000 2.114347 0.537772 -0.425548
43.700000 2.136409 -0.099841 -0.389938
43.800000 2.094379 -0.734459 -0.353084
43.900000 1.989517 -1.347044 -0.319373
44.000000 1.824970 -1.919217 -0.292822
44.100000 1.605674 -2.433813 -0.276591
44.200000 1.338207 -2.875395 -0.272615
44.300000 1.030595 -3.230716 -0.281367
44.400000 0.692064 -3.489114 -0.301805
44.500000 0.332772 -3.642840 -0.331494
44.600000 -0.036504 -3.687280 -0.366898
44.700000 -0.404684 -3.621102 -0.403801
44.800000 -0.760724 -3.446290 -0.437808
44.900000 -1.093942 -3.168090 -0.464868
45.000000 -1.394342 -2.794848 -0.481759
45.100000 -1.652912 -2.337759 -0.486469
45.200000 -1.861894 -1.810539 -0.478436
45.300000 -2.015020 -1.229002 -0.458618
45.400000 -2.107694 -0.610594 -0.429376
45.500000 -2.137138 0.026131 -0.394190
45.600000 -2.102468 0.662072 -0.357254
45.700000 -2.004724 1.278150 -0.322964
45.800000 -1.846838 1.855885 -0.295406
45.900000 -1.633547 2.377943 -0.277862
46.000000 -1.371250 2.828662 -0.272420
46.100000 -1.067815 3.194522 -0.279730
46.200000 -0.732345 3.464546 -0.298920
46.300000 -0.374906 3.630634 -0.327705
46.400000 -0.006219 3.687802 -0.362657
46.500000 0.362655 3.634337 -0.399613
46.600000 0.720649 3.471841 -0.434171
46.700000 1.057023 3.205190 -0.462216
46.800000 1.361687 2.842384 -0.480407
46.900000 1.625500 2.394306 -0.486578
47.000000 1.840548 1.874399 -0.479995
47.100000 2.000380 1.298260 -0.461440
47.200000 2.100200 0.683173 -0.433124
47.300000 2.137014 0.047591 -0.398419
47.400000 2.109718 -0.589419 -0.361459
47.500000 2.019130 -1.208746 -0.326646
47.600000 1.867969 -1.791811 -0.298125
47.700000 1.660768 -2.321122 -0.279294
47.800000 1.403744 -2.780799 -0.272396
47.900000 1.104608 -3.157052 -0.278251
48.000000 0.772334 -3.438593 -0.296164
48.100000 0.416890 -3.616977 -0.323999
48.200000 0.048939 -3.686851 -0.358443
48.300000 -0.320480 -3.646120 -0.395392
48.400000 -0.680285 -3.496005 -0.430447
48.500000 -1.019681 -3.241010 -0.459431
48.600000 -1.328487 -2.888784 -0.478894
48.700000 -1.597438 -2.449896 -0.486517
48.800000 -1.818466 -1.937510 -0.481392
48.900000 -1.984940 -1.366999 -0.464130
49.000000 -2.091866 -0.755478 -0.436786
49.100000 -2.136036 -0.121293 -0.402617
49.200000 -2.116125 0.516531 -0.365693
49.300000 -2.032730 1.138859 -0.330411
49.400000 -1.888353 1.727022 -0.300974
49.500000 -1.687325 2.263373 -0.280887
49.600000 -1.435678 2.731824 -0.272543
49.700000 -1.140960 3.118320 -0.276935
49.800000 -0.812014 3.411266 -0.293541
49.900000 -0.458707 3.601874 -0.320382
50.000000 -0.091639 3.684426 -0.354262
50.100000 0.278178 3.656445 -0.391146
50.200000 0.639650 3.518771 -0.426641
50.300000 0.981932 3.275534 -0.456519
50.400000 1.294757 2.934031 -0.477222
50.500000 1.568738 2.504506 -0.486285
50.600000 1.795658 1.999847 -0.482627
50.700000 1.968708 1.435192 -0.466685
50.800000 2.082696 0.827481 -0.440357
50.900000 2.134204 0.194946 -0.406778
51.000000 2.121686 -0.443437 -0.369949
51.100000 2.045517 -1.068517 -0.334256
51.200000 1.907982 -1.661542 -0.303948
51.300000 1.713208 -2.204721 -0.282637
51.400000 1.467038 -2.681758 -0.272860
51.500000 1.176857 -3.078342 -0.275782
51.600000 0.851370 -3.382576 -0.291055
51.700000 0.500341 -3.585332 -0.316859
51.800000 0.134303 -3.680529 -0.350122
51.900000 -0.235764 -3.665310 -0.386881
52.000000 -0.598759 -3.540131 -0.422760
52.100000 -0.943791 -3.308749 -0.453484
52.200000 -1.260509 -2.978104 -0.475394
52.300000 -1.539411 -2.558116 -0.485882
52.400000 -1.772132 -2.061385 -0.483697
52.500000 -1.951688 -1.502812 -0.469100
52.600000 -2.072694 -0.899154 -0.443830
52.700000 -2.131519 -0.268522 -0.410896
52.800000 -2.126399 0.370165 -0.374221
52.900000 -2.057486 0.997748 -0.338172
53.000000 -1.926849 1.595398 -0.307044
53.100000 -1.738406 2.145187 -0.284542
53.200000 -1.497812 2.630619 -0.273349
53.300000 -1.212282 3.037134 -0.274796
53.400000 -0.890385 3.352534 -0.288711
53.500000 -0.541776 3.567358 -0.313436
53.600000 -0.176913 3.675161 -0.346029
53.700000 0.193256 3.672710 -0.382605
53.800000 0.557629 3.560077 -0.418809
53.900000 0.905272 3.340642 -0.450330
54.000000 1.225757 3.020988 -0.473413
54.100000 1.509469 2.610704 -0.485308
54.200000 1.747898 2.122099 -0.484600
54.300000 1.933889 1.569831 -0.471372
54.400000 2.061864 0.970468 -0.447201
54.500000 2.127983 0.341991 -0.414963
54.600000 2.130262 -0.296746 -0.378501
54.700000 2.068633 -0.926580 -0.342155
54.800000 1.944946 -1.528617 -0.310254
54.900000 1.762910 -2.084796 -0.286599
55.000000 1.527987 -2.578430 -0.274007
55.100000 1.247224 -2.994712 -0.273976
55.200000 0.929044 -3.321152 -0.286511
55.300000 0.582994 -3.547958 -0.310119
55.400000 0.219453 -3.668325 -0.341989
55.500000 -0.150671 -3.678642 -0.378323
55.600000 -0.516275 -3.578600 -0.414796
55.700000 -0.866391 -3.371200 -0.447063
55.800000 -1.190515 -3.062664 -0.471281
55.900000 -1.478924 -2.662248 -0.484566
56.000000 -1.722965 -2.181964 -0.485336
56.100000 -1.915317 -1.636222 -0.473498
56.200000 -2.050209 -1.041393 -0.450463
56.300000 -2.123596 -0.415322 -0.418974
56.400000 -2.133274 0.223208 -0.382782
56.500000 -2.078954 0.855042 -0.346197
56.600000 -1.962265 1.461225 -0.313576
56.700000 -1.786709 2.023571 -0.288805
56.800000 -1.557551 2.525210 -0.274833
56.900000 -1.281667 2.951093 -0.273325
57.000000 -0.967333 3.288443 -0.284461
57.100000 -0.623978 3.527140 -0.306913
57.200000 -0.261905 3.660022 -0.338009
57.300000 0.108026 3.683104 -0.374044
57.400000 0.474716 3.595692 -0.410727
57.500000 0.827165 3.400410 -0.443688
57.600000 1.154798 3.103116 -0.469003
57.700000 1.447788 2.712728 -0.483656
57.800000 1.697344 2.240958 -0.485902
57.900000 1.895979 1.701960 -0.475473
58.000000 2.037736 1.111903 -0.453612
58.100000 2.118360 0.488488 -0.422922
58.200000 2.135433 -0.149581 -0.387058
58.300000 2.088444 -0.783162 -0.350292
58.400000 1.978801 -1.393249 -0.317003
58.500000 1.809794 -1.961538 -0.291155
58.600000 1.586493 -2.470981 -0.275827
58.700000 1.315598 -2.906295 -0.272844
58.800000 1.005234 -3.254420 -0.282562
58.900000 0.664714 -3.504912 -0.303823
59.000000 0.304252 -3.650257 -0.334095
59.100000 -0.065338 -3.686094 -0.369773
59.200000 -0.432967 -3.611348 -0.406607
59.300000 -0.787607 -3.428262 -0.440211
59.400000 -1.118619 -3.142328 -0.466582
59.500000 -1.416073 -2.762124 -0.482579
59.600000 -1.671044 -2.299057 -0.486298
59.700000 -1.875884 -1.767018 -0.477295
59.800000 -2.024448 -1.181968 -0.456642
59.900000 -2.112278 -0.561459 -0.426800
60.000000 -2.136740 0.075894 -0.391322
60.100000 -2.097099 0.710970 -0.354434
60.200000 -1.994546 1.324716 -0.320530
60.300000 -1.832156 1.898721 -0.293646
60.400000 -1.614801 2.415765 -0.276986
60.500000 -1.349003 2.860336 -0.272533
60.600000 -1.042734 3.219096 -0.280818
60.700000 -0.705184 3.481284 -0.300854
60.800000 -0.346477 3.639033 -0.330254
60.900000 0.022623 3.687611 -0.365517
61.000000 0.391045 3.625561 -0.402444
61.100000 0.747735 3.454744 -0.436636
61.200000 1.081994 3.180285 -0.464021
61.300000 1.383792 2.810417 -0.481338
61.400000 1.644077 2.356236 -0.486523
61.500000 1.855039 1.831369 -0.478960
61.600000 2.010351 1.251560 -0.459549
61.700000 2.105352 0.634205 -0.430602
61.800000 2.137192 -0.002176 -0.395567
61.900000 2.104916 -0.638493 -0.358616
62.000000 2.009493 -1.255654 -0.324151
62.100000 1.853785 -1.835146 -0.296275
62.200000 1.642464 -2.359583 -0.278309
62.300000 1.381869 -2.813233 -0.272393
62.400000 1.079817 -3.182486 -0.279232
62.500000 0.745372 -3.456264 -0.298010
62.600000 0.388565 -3.626355 -0.326492
62.700000 0.020101 -3.687655 -0.361284
62.800000 -0.348966 -3.638325 -0.398245
62.900000 -0.707564 -3.479845 -0.432970
63.000000 -1.044935 -3.216970 -0.461325
63.100000 -1.350958 -2.857586 -0.479933
63.200000 -1.616453 -2.412474 -0.486577
63.300000 -1.833453 -1.894989 -0.480466
63.400000 -1.995450 -1.320653 -0.462328
63.500000 -2.097584 -0.706698 -0.434323
63.600000 -2.136790 -0.071542 -0.399787
63.700000 -2.111892 0.565761 -0.362832
63.800000 -2.023638 1.186090 -0.327860
63.900000 -1.874674 1.770837 -0.299037
64.000000 -1.669470 2.302459 -0.279794
64.100000 -1.414183 2.765007 -0.272425
64.200000 -1.116469 3.144604 -0.277806
64.300000 -0.785262 3.429864 -0.295297
64.400000 -0.430496 3.612228 -0.322814
64.500000 -0.062816 3.686225 -0.357080
64.600000 0.306749 3.649635 -0.394015
64.700000 0.667111 3.503556 -0.429219
64.800000 1.007460 3.252370 -0.458499
64.900000 1.317585 2.903614 -0.478368
65.000000 1.588182 2.467748 -0.486460
65.100000 1.811134 1.957851 -0.481811
65.200000 1.979753 1.389218 -0.464975
65.300000 2.088978 0.778908 -0.437956
65.400000 2.135534 0.145231 -0.403974
65.500000 2.118024 -0.492802 -0.367074
65.600000 2.036974 -1.116052 -0.331652
65.700000 1.894814 -1.705820 -0.301927
65.800000 1.695810 -2.244414 -0.281439
65.900000 1.445931 -2.715675 -0.272627
66.000000 1.152675 -3.105466 -0.276542
66.100000 0.824838 -3.402093 -0.292718
66.200000 0.472256 -3.596657 -0.319227
66.300000 0.105507 -3.683321 -0.352912
66.400000 -0.264408 -3.659486 -0.389762
66.500000 -0.626391 -3.525866 -0.425388
66.600000 -0.969581 -3.286470 -0.455546
66.700000 -1.283685 -2.948481 -0.476645
66.800000 -1.559277 -2.522036 -0.486172
66.900000 -1.788092 -2.019931 -0.482993
67.000000 -1.963264 -1.457228 -0.467485
67.100000 -2.079537 -0.850807 -0.441496
67.200000 -2.133425 -0.218863 -0.408121
67.300000 -2.123310 0.419647 -0.371336
67.400000 -2.049496 1.045568 -0.335521
67.500000 -1.914196 1.640122 -0.304941
67.600000 -1.721471 2.185472 -0.283239
67.700000 -1.477102 2.665258 -0.273000
67.800000 -1.188420 3.065086 -0.275443
67.900000 -0.864085 3.372962 -0.290277
68.000000 -0.513827 3.579649 -0.315736
68.100000 -0.148155 3.678946 -0.348786
68.200000 0.221962 3.667875 -0.385493
68.300000 0.585420 3.546768 -0.421484
68.400000 0.931315 3.319257 -0.452472
68.500000 1.249271 2.992169 -0.474767
68.600000 1.529749 2.575316 -0.485714
68.700000 1.764335 2.081204 -0.484009
68.800000 1.945990 1.524655 -0.469854
68.900000 2.069266 0.922367 -0.444937
69.000000 2.130463 0.292407 -0.412223
69.100000 2.127747 -0.346324 -0.375611
69.200000 2.061199 -0.974666 -0.339459
69.300000 1.932814 -1.573768 -0.308074
69.400000 1.746445 -2.125657 -0.285194
69.500000 1.507683 -2.613776 -0.273544
69.600000 1.223690 -3.023482 -0.274511
69.700000 0.902986 -3.342483 -0.287980
69.800000 0.555193 -3.561210 -0.312347
69.900000 0.190744 -3.673101 -0.344710
70.000000 -0.179427 -3.674798 -0.381214
70.100000 -0.544216 -3.566252 -0.417512
70.200000 -0.892677 -3.350718 -0.449281
70.300000 -1.214359 -3.034662 -0.472737
70.400000 -1.499610 -2.627567 -0.485086
70.500000 -1.739873 -2.141645 -0.484858
70.600000 -1.927939 -1.591473 -0.472079
70.700000 -2.058167 -0.993557 -0.448273
70.800000 -2.126650 -0.365834 -0.416273
70.900000 -2.131334 0.272863 -0.379892
71.000000 -2.072078 0.903375 -0.343462
71.100000 -1.950659 1.506785 -0.311322
71.200000 -1.770721 2.064992 -0.287300
71.300000 -1.537661 2.561250 -0.274257
71.400000 -1.258471 2.980669 -0.273746
71.500000 -0.941527 3.310669 -0.285828
71.600000 -0.596337 3.541348 -0.309065
71.700000 -0.233257 3.665787 -0.340689
71.800000 0.136821 3.680253 -0.376932
71.900000 0.502794 3.584311 -0.413480
72.000000 0.853683 3.380839 -0.445978
72.100000 1.178961 3.075943 -0.470557
72.200000 1.468871 2.678768 -0.484289
72.300000 1.714715 2.201230 -0.485538
72.400000 1.909117 1.657655 -0.474156
72.500000 2.046246 1.064351 -0.451499
72.600000 2.121987 0.439115 -0.420264
72.700000 2.134069 -0.199293 -0.384172
72.800000 2.082129 -0.831723 -0.347522
72.900000 1.967725 -1.439201 -0.314678
73.000000 1.794289 -2.003503 -0.289553
73.100000 1.567024 -2.507700 -0.275138
73.200000 1.292749 -2.936665 -0.273150
73.300000 0.979691 -3.277531 -0.283827
73.400000 0.637242 -3.520071 -0.305896
73.500000 0.275677 -3.657009 -0.336730
73.600000 -0.094159 -3.684237 -0.372655
73.700000 -0.461171 -3.600937 -0.409393
73.800000 -0.814347 -3.409610 -0.442569
73.900000 -1.143093 -3.115994 -0.468232
74.000000 -1.437546 -2.728898 -0.483324
74.100000 -1.688872 -2.259935 -0.486049
74.200000 -1.889533 -1.723175 -0.476082
74.300000 -2.033507 -1.134719 -0.454610
74.400000 -2.116476 -0.512221 -0.424190
74.500000 -2.135951 0.125643 -0.388445
74.600000 -2.091348 0.759738 -0.351633
74.700000 -1.984004 1.371041 -0.318138
74.800000 -1.817140 1.941212 -0.291949
74.900000 -1.595761 2.453147 -0.276185
75.000000 -1.326510 2.891488 -0.272724
75.100000 -1.017464 3.243084 -0.281978
75.200000 -0.677893 3.497388 -0.302845
75.300000 -0.317986 3.646770 -0.332839
75.400000 0.051461 3.686749 -0.368388
75.500000 0.419364 3.616125 -0.405259
75.600000 0.774686 3.437018 -0.439060
75.700000 1.106767 3.154800 -0.465765
75.800000 1.405646 2.777938 -0.482194
75.900000 1.662355 2.317738 -0.486390
76.000000 1.869193 1.788006 -0.477853
76.100000 2.019956 1.204633 -0.457600
76.200000 2.110120 0.585122 -0.428044
76.300000 2.136980 -0.051943 -0.392704
76.400000 2.099731 -0.687450 -0.355789
76.500000 1.999490 -1.302333 -0.321696
76.600000 1.839265 -1.878146 -0.294486
76.700000 1.623861 -2.397615 -0.277398
76.800000 1.359742 -2.845155 -0.272469
76.900000 1.054830 -3.207341 -0.280285
77.000000 0.718273 -3.473307 -0.299916
77.100000 0.360169 -3.635073 -0.329023
77.200000 -0.008741 -3.687787 -0.364139
77.300000 -0.377389 -3.629867 -0.401083
77.400000 -0.734715 -3.463052 -0.435455
77.500000 -1.069999 -3.192345 -0.463160
77.600000 -1.373184 -2.825867 -0.480899
77.700000 -1.635173 -2.374614 -0.486559
77.800000 -1.848106 -1.852122 -0.479467
77.900000 -2.005597 -1.274067 -0.460466
78.000000 -2.102920 -0.657789 -0.431821
78.100000 -2.137155 -0.021778 -0.396941
78.200000 -2.107275 0.614887 -0.359983
78.300000 -2.014178 1.233105 -0.325347
78.400000 -1.860654 1.814329 -0.297158
78.500000 -1.651312 2.341124 -0.278774
78.600000 -1.392430 2.797685 -0.272385
78.700000 -1.091775 3.170316 -0.278751
78.800000 -0.758366 3.447837 -0.297114
78.900000 -0.402207 3.621923 -0.325287
79.000000 -0.033982 3.687352 -0.359915
79.100000 0.335263 3.642159 -0.396873
79.200000 0.694450 3.487702 -0.431760
79.300000 1.032804 3.228614 -0.460421
79.400000 1.340173 2.872668 -0.479442
79.500000 1.607337 2.430541 -0.486558
79.600000 1.826281 1.915498 -0.480921
79.700000 1.990437 1.342991 -0.463203
79.800000 2.094879 0.730193 -0.435514
79.900000 2.136476 0.095490 -0.401151
80.000000 2.113977 -0.542078 -0.364208
80.100000 2.028060 -1.163384 -0.329083
80.200000 1.881301 -1.749788 -0.299962
80.300000 1.678102 -2.283698 -0.280311
80.400000 1.424561 -2.749098 -0.272472
80.500000 1.128283 -3.132024 -0.277377
80.600000 0.798156 -3.420990 -0.294444
80.700000 0.444085 -3.607326 -0.321638
80.800000 0.076691 -3.685443 -0.355722
80.900000 -0.293004 -3.652996 -0.392635
81.000000 -0.653908 -3.510959 -0.427982
81.100000 -0.995195 -3.263593 -0.457553
81.200000 -1.306627 -2.918320 -0.477826
81.300000 -1.578859 -2.485497 -0.486386
81.400000 -1.803726 -1.978109 -0.482213
81.500000 -1.974481 -1.411378 -0.465806
81.600000 -2.086002 -0.802306 -0.439117
81.700000 -2.134942 -0.169164 -0.405326
81.800000 -2.119835 0.469053 -0.368457
81.900000 -2.041132 1.093198 -0.332901
82.000000 -1.901195 1.684547 -0.302893
82.100000 -1.704223 2.225359 -0.282007
82.200000 -1.456123 2.699411 -0.272730
82.300000 -1.164340 3.092481 -0.276167
82.400000 -0.837627 3.392776 -0.291909
82.500000 -0.485785 3.591288 -0.318082
82.600000 -0.119370 3.682061 -0.351567
82.700000 0.250627 3.662372 -0.388376
82.800000 0.613105 3.532813 -0.424127
82.900000 0.957190 3.297268 -0.454560
83.000000 1.272559 2.962806 -0.476052
83.100000 1.549751 2.539460 -0.486042
83.200000 1.780451 2.039930 -0.483341
83.300000 1.957737 1.479202 -0.468270
83.400000 2.076291 0.874097 -0.442625
83.500000 2.132556 0.242770 -0.409460
83.600000 2.124845 -0.395840 -0.372724
83.700000 2.053388 -1.022575 -0.336793
83.800000 1.920330 -1.618632 -0.305946
83.900000 1.729662 -2.166131 -0.283858
84.000000 1.487104 -2.648646 -0.273158
84.100000 1.199933 -3.051701 -0.275122
84.200000 0.876763 -3.363206 -0.289515
84.300000 0.527291 -3.573814 -0.314623
84.400000 0.162001 -3.677208 -0.347456
84.500000 -0.208150 -3.670285 -0.384103
84.600000 -0.572056 -3.553254 -0.420200
84.700000 -0.918801 -3.329626 -0.451448
84.800000 -1.237982 -3.006108 -0.474124
84.900000 -1.520023 -2.592408 -0.485528
85.000000 -1.756463 -2.100935 -0.484303
85.100000 -1.940210 -1.546434 -0.470593
85.200000 -2.065750 -0.945540 -0.446032
85.300000 -2.129318 -0.316280 -0.413545
85.400000 -2.129006 0.322469 -0.377001
85.500000 -2.064824 0.951543 -0.340753
85.600000 -1.938697 1.552071 -0.309117
85.700000 -1.754410 2.106037 -0.285862
85.800000 -1.517490 2.596822 -0.273757
85.900000 -1.235045 3.009703 -0.274244
86.000000 -0.915549 3.332292 -0.287265
86.100000 -0.568587 3.554912 -0.311269
86.200000 -0.204567 3.670885 -0.343397
86.300000 0.165590 3.676732 -0.379823
86.400000 0.530780 3.572276 -0.416208
86.500000 0.880045 3.360653 -0.448220
86.600000 1.202910 3.048209 -0.472045
86.700000 1.489687 2.644320 -0.484845
86.800000 1.731774 2.161100 -0.485097
86.900000 1.921907 1.613048 -0.472771
87.000000 2.054384 1.016605 -0.449333
87.100000 2.125228 0.389663 -0.417577
87.200000 2.132316 -0.248969 -0.381283
87.300000 2.075435 -0.880132 -0.344775
87.400000 1.956290 -1.484890 -0.312401
87.500000 1.778457 -2.045102 -0.288016
87.600000 1.547269 -2.543961 -0.274525
87.700000 1.269664 -2.966501 -0.273534
87.800000 0.953969 -3.300046 -0.285162
87.900000 0.609655 -3.534590 -0.308023
88.000000 0.247051 -3.663096 -0.339395
88.100000 -0.122964 -3.681709 -0.375542
88.200000 -0.489290 -3.589871 -0.412158
88.300000 -0.840938 -3.390336 -0.444882
88.400000 -1.167358 -3.089092 -0.469817
88.500000 -1.458757 -2.695175 -0.483994
88.600000 -1.706393 -2.220402 -0.485723
88.700000 -1.902837 -1.679018 -0.474799
88.800000 -2.042196 -1.087263 -0.452522
88.900000 -2.120290 -0.462890 -0.421547
89.000000 -2.134774 0.175370 -0.385562
89.100000 -2.085216 0.808368 -0.348853
89.200000 -1.973101 1.417116 -0.315791
89.300000 -1.801793 1.983350 -0.290316
89.400000 -1.576431 2.490083 -0.275460
89.500000 -1.303776 2.922114 -0.272993
89.600000 -0.992008 3.266482 -0.283209
89.700000 -0.650480 3.512855 -0.304891
89.800000 -0.289437 3.653842 -0.335457
89.900000 0.080289 3.685215 -0.371267
90.000000 0.447606 3.606030 -0.408055
90.100000 0.801495 3.418665 -0.441440
90.200000 1.131339 3.128740 -0.467446
90.300000 1.427243 2.744953 -0.482975
90.400000 1.680330 2.278817 -0.486178
90.500000 1.883006 1.744317 -0.476674
90.600000 2.029193 1.157487 -0.455595
90.700000 2.114504 0.535932 -0.425450
90.800000 2.136379 -0.101700 -0.389831
90.900000 2.094164 -0.736282 -0.352979
91.000000 1.989123 -1.348775 -0.319284
91.100000 1.824409 -1.920804 -0.292758
91.200000 1.604962 -2.435210 -0.276561
91.300000 1.337367 -2.876559 -0.272623
91.400000 1.029650 -3.231612 -0.281411
91.500000 0.691044 -3.489716 -0.301879
91.600000 0.331707 -3.643129 -0.331590
91.700000 -0.037581 -3.687248 -0.367005
91.800000 -0.405742 -3.620749 -0.403906
91.900000 -0.761731 -3.445628 -0.437899
92.000000 -1.094868 -3.167138 -0.464933
92.100000 -1.395159 -2.793634 -0.481791
92.200000 -1.653595 -2.336321 -0.486464
92.300000 -1.862423 -1.808918 -0.478395
92.400000 -2.015379 -1.227248 -0.458546
92.500000 -2.107873 -0.608760 -0.429280
92.600000 -2.137131 0.027990 -0.394083
92.700000 -2.102275 0.663901 -0.357148
92.800000 -2.004350 1.279895 -0.322872
92.900000 -1.846296 1.857492 -0.295339
93.000000 -1.632852 2.379364 -0.277827
93.100000 -1.370423 2.829855 -0.272423
93.200000 -1.066881 3.195451 -0.279769
93.300000 -0.731333 3.465183 -0.298991
93.400000 -0.373845 3.630959 -0.327800
93.500000 -0.005141 3.687807 -0.362764
93.600000 0.363717 3.634021 -0.399719
93.700000 0.721663 3.471214 -0.434264
93.800000 1.057960 3.204270 -0.462284
93.900000 1.362517 2.841199 -0.480443
94.000000 1.626199 2.392891 -0.486578
94.100000 1.841095 1.872797 -0.479957
94.200000 2.000759 1.296519 -0.461370
94.300000 2.100399 0.681345 -0.433030
94.400000 2.137028 0.045731 -0.398313
94.500000 2.109546 -0.591255 -0.361352
94.600000 2.018777 -1.210503 -0.326552
94.700000 1.867445 -1.793436 -0.298055
94.800000 1.660090 -2.322567 -0.279256
94.900000 1.402932 -2.782020 -0.272394
95.000000 1.103686 -3.158012 -0.278287
95.100000 0.771329 -3.439265 -0.296232
95.200000 0.415833 -3.617339 -0.324092
95.300000 0.047861 -3.686893 -0.358549
95.400000 -0.321546 -3.645840 -0.395499
95.500000 -0.681307 -3.495412 -0.430542
95.600000 -1.020628 -3.240122 -0.459503
95.700000 -1.329331 -2.887628 -0.478934
95.800000 -1.598154 -2.448505 -0.486521
95.900000 -1.819032 -1.935927 -0.481359
96.000000 -1.985339 -1.365272 -0.464064
96.100000 -2.092087 -0.753658 -0.436695
96.200000 -2.136071 -0.119434 -0.402512
96.300000 -2.115973 0.518372 -0.365586
96.400000 -2.032397 1.140628 -0.330315
96.500000 -1.887848 1.728665 -0.300901
96.600000 -1.686664 2.264841 -0.280845
96.700000 -1.434880 2.733073 -0.272537
96.800000 -1.140049 3.119312 -0.276966
96.900000 -0.811017 3.411972 -0.293605
97.000000 -0.457655 3.602273 -0.320472
97.100000 -0.090563 3.684505 -0.354367
97.200000 0.279246 3.656203 -0.391253
97.300000 0.640678 3.518214 -0.426738
97.400000 0.982889 3.274679 -0.456594
97.500000 1.295614 2.932904 -0.477266
97.600000 1.569470 2.503141 -0.486293
97.700000 1.796242 1.998284 -0.482598
97.800000 1.969127 1.433479 -0.466622
97.900000 2.082938 0.825669 -0.440268
98.000000 2.134261 0.193089 -0.406674
98.100000 2.121556 -0.445283 -0.369842
98.200000 2.045204 -1.070297 -0.334158
98.300000 1.907496 -1.663202 -0.303872
98.400000 1.712564 -2.206211 -0.282591
98.500000 1.466254 -2.683034 -0.272850
98.600000 1.175957 -3.079365 -0.275809
98.700000 0.850381 -3.383316 -0.291116
98.800000 0.499294 -3.585767 -0.316947
98.900000 0.133228 -3.680645 -0.350226
99.000000 -0.236835 -3.665104 -0.386989
99.100000 -0.599793 -3.539610 -0.422859
99.200000 -0.944757 -3.307927 -0.453562
99.300000 -1.261379 -2.977007 -0.475442
99.400000 -1.540159 -2.556776 -0.485894
99.500000 -1.772734 -2.059842 -0.483672
99.600000 -1.952127 -1.501113 -0.469041
99.700000 -2.072957 -0.897351 -0.443744
99.800000 -2.131597 -0.266668 -0.410793
99.900000 -2.126290 0.372016 -0.374113
100.000000 -2.057194 0.999538 -0.338072
100.100000 -1.926382 1.597075 -0.306964
