#Posizione iniziale=2.000000
#Velocita' iniziale=1.000000
#Pulsazione al quadrato=3.000000
#Tempo massimo di integrazione=100.000000
#Passo di tempo=0.050000
#E' stato utilizzato l'algoritmo Velvet Velocita'
#Legenda
#1:t 2:x 3:v 4:dE
0 2.000000 1.000000 0
0.050000 2.042500 0.696813 -0.409047
0.100000 2.069681 0.388399 -0.409018
0.150000 2.081340 0.077072 -0.409006
0.200000 2.077388 -0.234832 -0.409010
0.250000 2.057857 -0.544976 -0.409031
0.300000 2.022891 -0.851032 -0.409067
0.350000 1.972753 -1.150705 -0.409119
0.400000 1.907820 -1.441748 -0.409183
0.450000 1.828579 -1.721978 -0.409259
0.500000 1.735623 -1.989293 -0.409343
0.550000 1.629649 -2.241689 -0.409435
0.600000 1.511454 -2.477271 -0.409530
0.650000 1.381922 -2.694274 -0.409625
0.700000 1.242026 -2.891071 -0.409719
0.750000 1.092815 -3.066184 -0.409808
0.800000 0.935408 -3.218300 -0.409890
0.850000 0.770985 -3.346280 -0.409962
0.900000 0.600780 -3.449162 -0.410021
0.950000 0.426069 -3.526176 -0.410067
1.000000 0.248162 -3.576743 -0.410098
1.050000 0.068395 -3.600485 -0.410112
1.100000 -0.111886 -3.597223 -0.410110
1.150000 -0.291328 -3.566982 -0.410092
1.200000 -0.468584 -3.509989 -0.410057
1.250000 -0.642327 -3.426670 -0.410008
1.300000 -0.811251 -3.317652 -0.409945
1.350000 -0.974092 -3.183751 -0.409871
1.400000 -1.129627 -3.025972 -0.409787
1.450000 -1.276689 -2.845499 -0.409697
1.500000 -1.414176 -2.643684 -0.409602
1.550000 -1.541057 -2.422041 -0.409506
1.600000 -1.656381 -2.182233 -0.409412
1.650000 -1.759281 -1.926059 -0.409322
1.700000 -1.848986 -1.655439 -0.409240
1.750000 -1.924825 -1.372403 -0.409166
1.800000 -1.986227 -1.079074 -0.409105
1.850000 -2.032732 -0.777652 -0.409057
1.900000 -2.063992 -0.470398 -0.409024
1.950000 -2.079772 -0.159616 -0.409008
2.000000 -2.079954 0.152364 -0.409008
2.050000 -2.064536 0.463200 -0.409024
2.100000 -2.033633 0.770563 -0.409056
2.150000 -1.987479 1.072147 -0.409104
2.200000 -1.926419 1.365689 -0.409165
2.250000 -1.850910 1.648989 -0.409238
2.300000 -1.761520 1.919921 -0.409320
2.350000 -1.658918 2.176454 -0.409410
2.400000 -1.543875 2.416663 -0.409504
2.450000 -1.417252 2.638748 -0.409600
2.500000 -1.280000 2.841042 -0.409695
2.550000 -1.133148 3.022028 -0.409785
2.600000 -0.977797 3.180349 -0.409869
2.650000 -0.815113 3.314817 -0.409944
2.700000 -0.646315 3.424424 -0.410007
2.750000 -0.472670 3.508348 -0.410057
2.800000 -0.295481 3.565959 -0.410091
2.850000 -0.116075 3.596826 -0.410110
2.900000 0.064202 3.600716 -0.410113
2.950000 0.243997 3.577601 -0.410098
3.000000 0.421962 3.527654 -0.410068
3.050000 0.596762 3.451250 -0.410023
3.100000 0.767087 3.348961 -0.409963
3.150000 0.931659 3.221555 -0.409892
3.200000 1.089243 3.069988 -0.409810
3.250000 1.238657 2.895395 -0.409721
3.300000 1.378782 2.699087 -0.409628
3.350000 1.508566 2.482536 -0.409532
3.400000 1.627036 2.247366 -0.409437
3.450000 1.733303 1.995341 -0.409345
3.500000 1.826570 1.728350 -0.409261
3.550000 1.906138 1.448397 -0.409185
3.600000 1.971410 1.157581 -0.409120
3.650000 2.021896 0.858083 -0.409068
3.700000 2.057218 0.552150 -0.409032
3.750000 2.077111 0.242075 -0.409011
3.800000 2.081425 -0.069815 -0.409006
3.850000 2.070129 -0.381182 -0.409018
3.900000 2.043307 -0.689690 -0.409046
3.950000 2.001160 -0.993025 -0.409090
4.000000 1.944005 -1.288912 -0.409147
4.050000 1.872269 -1.575133 -0.409217
4.100000 1.786491 -1.849540 -0.409298
4.150000 1.687315 -2.110075 -0.409386
4.200000 1.575484 -2.354785 -0.409479
4.250000 1.451837 -2.581834 -0.409575
4.300000 1.317301 -2.789519 -0.409670
4.350000 1.172885 -2.976283 -0.409762
4.400000 1.019672 -3.140725 -0.409848
4.450000 0.858812 -3.281611 -0.409925
4.500000 0.691511 -3.397886 -0.409991
4.550000 0.519024 -3.488676 -0.410045
4.600000 0.342644 -3.553301 -0.410084
4.650000 0.163694 -3.591276 -0.410107
4.700000 -0.016484 -3.602317 -0.410114
4.750000 -0.196538 -3.586340 -0.410104
4.800000 -0.375118 -3.543466 -0.410078
4.850000 -0.550885 -3.474016 -0.410036
4.900000 -0.722520 -3.378510 -0.409980
4.950000 -0.888736 -3.257666 -0.409912
5.000000 -1.048286 -3.112390 -0.409833
5.050000 -1.199975 -2.943770 -0.409745
5.100000 -1.342663 -2.753072 -0.409653
5.150000 -1.475282 -2.541726 -0.409557
5.200000 -1.596836 -2.311317 -0.409462
5.250000 -1.706414 -2.063574 -0.409369
5.300000 -1.803193 -1.800353 -0.409282
5.350000 -1.886449 -1.523630 -0.409204
5.400000 -1.955556 -1.235480 -0.409136
5.450000 -2.009997 -0.938063 -0.409081
5.500000 -2.049363 -0.633611 -0.409040
5.550000 -2.073358 -0.324407 -0.409015
5.600000 -2.081803 -0.012770 -0.409006
5.650000 -2.074635 0.298963 -0.409013
5.700000 -2.051907 0.608454 -0.409037
5.750000 -2.013790 0.913381 -0.409077
5.800000 -1.960569 1.211458 -0.409131
5.850000 -1.892644 1.500449 -0.409198
5.900000 -1.810524 1.778186 -0.409276
5.950000 -1.714825 2.042587 -0.409362
6.000000 -1.606265 2.291669 -0.409454
6.050000 -1.485658 2.523564 -0.409549
6.100000 -1.353909 2.736531 -0.409645
6.150000 -1.212005 2.928975 -0.409738
6.200000 -1.061012 3.099451 -0.409826
6.250000 -0.902060 3.246681 -0.409906
6.300000 -0.736343 3.369562 -0.409975
6.350000 -0.565104 3.467170 -0.410032
6.400000 -0.389626 3.538775 -0.410075
6.450000 -0.211227 3.583839 -0.410102
6.500000 -0.031242 3.602024 -0.410113
6.550000 0.148976 3.593194 -0.410108
6.600000 0.328077 3.557415 -0.410086
6.650000 0.504717 3.494956 -0.410049
6.700000 0.677572 3.406284 -0.409996
6.750000 0.845346 3.292065 -0.409931
6.800000 1.006779 3.153156 -0.409854
6.850000 1.160661 2.990598 -0.409769
6.900000 1.305839 2.805610 -0.409678
6.950000 1.441222 2.599580 -0.409583
7.000000 1.565797 2.374054 -0.409487
7.050000 1.678628 2.130722 -0.409393
7.100000 1.778869 1.871410 -0.409305
7.150000 1.865769 1.598062 -0.409224
7.200000 1.938675 1.312729 -0.409153
7.250000 1.997042 1.017550 -0.409094
7.300000 2.040430 0.714740 -0.409049
7.350000 2.068516 0.406569 -0.409020
7.400000 2.081087 0.095349 -0.409006
7.450000 2.078050 -0.216587 -0.409010
7.500000 2.059428 -0.526898 -0.409029
7.550000 2.025361 -0.833257 -0.409065
7.600000 1.976103 -1.133367 -0.409115
7.650000 1.912024 -1.424976 -0.409179
7.700000 1.833605 -1.705898 -0.409254
7.750000 1.741434 -1.974026 -0.409338
7.800000 1.636202 -2.227349 -0.409429
7.850000 1.518699 -2.463967 -0.409524
7.900000 1.389806 -2.682104 -0.409620
7.950000 1.250489 -2.880127 -0.409714
8.000000 1.101793 -3.056548 -0.409803
8.050000 0.944834 -3.210045 -0.409885
8.100000 0.780789 -3.339466 -0.409958
8.150000 0.610887 -3.443842 -0.410018
8.200000 0.436404 -3.522389 -0.410065
8.250000 0.258648 -3.574518 -0.410097
8.300000 0.078953 -3.599838 -0.410112
8.350000 -0.101335 -3.598159 -0.410111
8.400000 -0.280863 -3.569495 -0.410093
8.450000 -0.458285 -3.514058 -0.410060
8.500000 -0.632269 -3.432267 -0.410011
8.550000 -0.801511 -3.324733 -0.409949
8.600000 -0.964742 -3.192264 -0.409876
8.650000 -1.120738 -3.035853 -0.409792
8.700000 -1.268328 -2.856673 -0.409702
8.750000 -1.406405 -2.656068 -0.409608
8.800000 -1.533935 -2.435543 -0.409512
8.850000 -1.649960 -2.196751 -0.409418
8.900000 -1.753610 -1.941483 -0.409327
8.950000 -1.844108 -1.671654 -0.409244
9.000000 -1.920775 -1.389288 -0.409170
9.050000 -1.983037 -1.096502 -0.409108
9.100000 -2.030425 -0.795493 -0.409060
9.150000 -2.062586 -0.488517 -0.409026
9.200000 -2.079277 -0.177877 -0.409008
9.250000 -2.080374 0.134097 -0.409007
9.300000 -2.065867 0.445065 -0.409022
9.350000 -2.035867 0.752695 -0.409054
9.400000 -1.990598 1.054680 -0.409101
9.450000 -1.930399 1.348755 -0.409161
9.500000 -1.855722 1.632714 -0.409233
9.550000 -1.767128 1.904427 -0.409315
9.600000 -1.665280 2.161858 -0.409405
9.650000 -1.550942 2.403075 -0.409499
9.700000 -1.424972 2.626268 -0.409594
9.750000 -1.288315 2.829765 -0.409689
9.800000 -1.141996 3.012038 -0.409780
9.850000 -0.987111 3.171721 -0.409865
9.900000 -0.824824 3.307616 -0.409940
9.950000 -0.656350 3.418704 -0.410003
10.000000 -0.482953 3.504152 -0.410054
10.050000 -0.305935 3.563318 -0.410090
10.100000 -0.126621 3.595760 -0.410110
10.150000 0.053642 3.601234 -0.410113
10.200000 0.233502 3.579698 -0.410100
10.250000 0.411611 3.531314 -0.410070
10.300000 0.586633 3.456446 -0.410026
10.350000 0.757256 3.355654 -0.409967
10.400000 0.922199 3.229695 -0.409896
10.450000 1.080225 3.079513 -0.409815
10.500000 1.230150 2.906235 -0.409727
10.550000 1.370849 2.711160 -0.409633
10.600000 1.501266 2.495752 -0.409537
10.650000 1.620424 2.261625 -0.409442
10.700000 1.727429 2.010536 -0.409351
10.750000 1.821478 1.744368 -0.409265
10.800000 1.901866 1.465117 -0.409189
10.850000 1.967989 1.174878 -0.409123
10.900000 2.019353 0.875827 -0.409071
10.950000 2.055572 0.570208 -0.409033
11.000000 2.076374 0.260312 -0.409011
11.050000 2.081603 -0.051536 -0.409006
11.100000 2.071221 -0.362998 -0.409017
11.150000 2.045304 -0.671737 -0.409044
11.200000 2.004047 -0.975439 -0.409087
11.250000 1.947760 -1.271824 -0.409144
11.300000 1.876864 -1.558671 -0.409213
11.350000 1.791893 -1.833828 -0.409293
11.400000 1.693482 -2.095231 -0.409380
11.450000 1.582369 -2.340920 -0.409473
11.500000 1.459390 -2.569052 -0.409569
11.550000 1.325464 -2.777916 -0.409664
11.600000 1.181598 -2.965945 -0.409757
11.650000 1.028870 -3.131730 -0.409843
11.700000 0.868425 -3.274028 -0.409921
11.750000 0.701467 -3.391769 -0.409988
11.800000 0.529248 -3.484073 -0.410042
11.850000 0.353060 -3.550246 -0.410082
11.900000 0.174223 -3.589792 -0.410106
11.950000 -0.005920 -3.602415 -0.410114
12.000000 -0.186018 -3.588020 -0.410105
12.050000 -0.364722 -3.546714 -0.410080
12.100000 -0.540690 -3.478809 -0.410039
12.150000 -0.712602 -3.384812 -0.409984
12.200000 -0.879171 -3.265429 -0.409916
12.250000 -1.039145 -3.121555 -0.409838
12.300000 -1.191326 -2.954270 -0.409751
12.350000 -1.334572 -2.764827 -0.409658
12.400000 -1.467809 -2.554649 -0.409563
12.450000 -1.590037 -2.325310 -0.409467
12.500000 -1.700340 -2.078532 -0.409374
12.550000 -1.797890 -1.816165 -0.409287
12.600000 -1.881956 -1.540176 -0.409208
12.650000 -1.951908 -1.252636 -0.409140
12.700000 -2.007220 -0.955702 -0.409084
12.750000 -2.047478 -0.651599 -0.409042
12.800000 -2.072380 -0.342610 -0.409016
12.850000 -2.081739 -0.031051 -0.409006
12.900000 -2.075485 0.280741 -0.409012
12.950000 -2.053665 0.590427 -0.409035
13.000000 -2.016442 0.895685 -0.409074
13.050000 -1.964096 1.194225 -0.409127
13.100000 -1.897020 1.483809 -0.409194
13.150000 -1.815716 1.762264 -0.409271
13.200000 -1.720793 2.027502 -0.409357
13.250000 -1.612965 2.277534 -0.409448
13.300000 -1.493040 2.510485 -0.409544
13.350000 -1.361917 2.724607 -0.409639
13.400000 -1.220579 2.918294 -0.409733
13.450000 -1.070087 3.090094 -0.409821
13.500000 -0.911570 3.238718 -0.409901
13.550000 -0.746216 3.363052 -0.409971
13.600000 -0.575265 3.462163 -0.410029
13.650000 -0.399999 3.535308 -0.410073
13.700000 -0.221734 3.581938 -0.410101
13.750000 -0.041806 3.601703 -0.410113
13.800000 0.138436 3.594456 -0.410109
13.850000 0.317640 3.560250 -0.410088
13.900000 0.494461 3.499343 -0.410051
13.950000 0.667574 3.412190 -0.410000
14.000000 0.835680 3.299446 -0.409935
14.050000 0.997519 3.161956 -0.409859
14.100000 1.151876 3.000751 -0.409774
14.150000 1.297594 2.817041 -0.409683
14.200000 1.433580 2.612203 -0.409588
14.250000 1.558814 2.387773 -0.409492
14.300000 1.672357 2.145436 -0.409399
14.350000 1.773358 1.887007 -0.409310
14.400000 1.861058 1.614426 -0.409228
14.450000 1.934800 1.329736 -0.409157
14.500000 1.994032 1.035074 -0.409097
14.550000 2.038308 0.732648 -0.409051
14.600000 2.067297 0.424728 -0.409021
14.650000 2.080781 0.113622 -0.409007
14.700000 2.078659 -0.198336 -0.409009
14.750000 2.060947 -0.508806 -0.409028
14.800000 2.027778 -0.815460 -0.409062
14.850000 1.979401 -1.115999 -0.409112
14.900000 1.916178 -1.408167 -0.409175
14.950000 1.838584 -1.689775 -0.409249
15.000000 1.747201 -1.958708 -0.409333
15.050000 1.642713 -2.212952 -0.409424
15.100000 1.525906 -2.450598 -0.409518
15.150000 1.397654 -2.669865 -0.409614
15.200000 1.258919 -2.869108 -0.409708
15.250000 1.110743 -3.046833 -0.409798
15.300000 0.954236 -3.201706 -0.409881
15.350000 0.790572 -3.332567 -0.409954
15.400000 0.620979 -3.438433 -0.410015
15.450000 0.446729 -3.518511 -0.410063
15.500000 0.269128 -3.572201 -0.410095
15.550000 0.089509 -3.599098 -0.410112
15.600000 -0.090782 -3.599003 -0.410112
15.650000 -0.270392 -3.571915 -0.410095
15.700000 -0.447973 -3.518038 -0.410062
15.750000 -0.622195 -3.437775 -0.410015
15.800000 -0.791751 -3.331729 -0.409953
15.850000 -0.955368 -3.200695 -0.409880
15.900000 -1.111820 -3.045656 -0.409798
15.950000 -1.259934 -2.867774 -0.409708
16.000000 -1.398598 -2.668384 -0.409614
16.050000 -1.526772 -2.448982 -0.409518
16.100000 -1.643496 -2.211212 -0.409423
16.150000 -1.747893 -1.956857 -0.409332
16.200000 -1.839182 -1.687827 -0.409249
16.250000 -1.916676 -1.406137 -0.409174
16.300000 -1.979795 -1.113902 -0.409111
16.350000 -2.028066 -0.813312 -0.409062
16.400000 -2.061127 -0.506623 -0.409027
16.450000 -2.078729 -0.196134 -0.409009
16.500000 -2.080740 0.115826 -0.409007
16.550000 -2.067146 0.426918 -0.409021
16.600000 -2.038048 0.734807 -0.409052
16.650000 -1.993665 1.037186 -0.409097
16.700000 -1.934330 1.331785 -0.409157
16.750000 -1.860487 1.616397 -0.409229
16.800000 -1.772690 1.888885 -0.409310
16.850000 -1.671598 2.147207 -0.409399
16.900000 -1.557969 2.389424 -0.409493
16.950000 -1.432656 2.613721 -0.409589
17.000000 -1.296597 2.818415 -0.409684
17.050000 -1.150814 3.001971 -0.409775
17.100000 -0.996400 3.163012 -0.409860
17.150000 -0.834513 3.300330 -0.409936
17.200000 -0.666367 3.412896 -0.410000
17.250000 -0.493223 3.499866 -0.410051
17.300000 -0.316381 3.560586 -0.410088
17.350000 -0.137165 3.594602 -0.410109
17.400000 0.043080 3.601658 -0.410113
17.450000 0.223001 3.581702 -0.410101
17.500000 0.401250 3.534883 -0.410072
17.550000 0.576489 3.461553 -0.410029
17.600000 0.747405 3.362261 -0.409971
17.650000 0.912715 3.237752 -0.409901
17.700000 1.071180 3.088960 -0.409820
17.750000 1.221611 2.917000 -0.409732
17.800000 1.362880 2.723163 -0.409639
17.850000 1.493928 2.508903 -0.409543
17.900000 1.613771 2.275825 -0.409448
17.950000 1.721510 2.025679 -0.409356
18.000000 1.816339 1.760341 -0.409270
18.050000 1.897544 1.481799 -0.409193
18.100000 1.964519 1.192145 -0.409127
18.150000 2.016759 0.893549 -0.409074
18.200000 2.053873 0.588252 -0.409035
18.250000 2.075584 0.278542 -0.409012
18.300000 2.081728 -0.033256 -0.409006
18.350000 2.072258 -0.344805 -0.409016
18.400000 2.047247 -0.653768 -0.409042
18.450000 2.006882 -0.957828 -0.409084
18.500000 1.951464 -1.254704 -0.409140
18.550000 1.881411 -1.542169 -0.409209
18.600000 1.797247 -1.818069 -0.409288
18.650000 1.699604 -2.080333 -0.409375
18.700000 1.589214 -2.326994 -0.409468
18.750000 1.466905 -2.556203 -0.409563
18.800000 1.333594 -2.766240 -0.409659
18.850000 1.190281 -2.955531 -0.409751
18.900000 1.038041 -3.122655 -0.409838
18.950000 0.878015 -3.266359 -0.409917
19.000000 0.711405 -3.385566 -0.409984
19.050000 0.539459 -3.479381 -0.410039
19.100000 0.363467 -3.547100 -0.410080
19.150000 0.184749 -3.588216 -0.410105
19.200000 0.004645 -3.602421 -0.410114
19.250000 -0.175493 -3.589607 -0.410106
19.300000 -0.354316 -3.549872 -0.410082
19.350000 -0.530480 -3.483512 -0.410042
19.400000 -0.702667 -3.391026 -0.409987
19.450000 -0.869583 -3.273107 -0.409920
19.500000 -1.029977 -3.130640 -0.409842
19.550000 -1.182647 -2.964693 -0.409756
19.600000 -1.326447 -2.776511 -0.409664
19.650000 -1.460298 -2.567505 -0.409568
19.700000 -1.583197 -2.339243 -0.409473
19.750000 -1.694222 -2.093437 -0.409380
19.800000 -1.792541 -1.831929 -0.409292
19.850000 -1.877415 -1.556683 -0.409212
19.900000 -1.948209 -1.269761 -0.409143
19.950000 -2.004391 -0.973316 -0.409086
20.000000 -2.045541 -0.669571 -0.409044
20.050000 -2.071349 -0.360804 -0.409017
20.100000 -2.081621 -0.049331 -0.409006
20.150000 -2.076282 0.262511 -0.409011
20.200000 -2.055370 0.572385 -0.409033
20.250000 -2.019043 0.877966 -0.409071
20.300000 -1.967573 1.176962 -0.409124
20.350000 -1.901347 1.467131 -0.409189
20.400000 -1.820860 1.746297 -0.409266
20.450000 -1.726717 2.012365 -0.409351
20.500000 -1.619624 2.263341 -0.409443
20.550000 -1.500383 2.497341 -0.409538
20.600000 -1.369890 2.712612 -0.409634
20.650000 -1.229122 2.907538 -0.409727
20.700000 -1.079136 3.080657 -0.409816
20.750000 -0.921056 3.230671 -0.409897
20.800000 -0.756069 3.356456 -0.409967
20.850000 -0.585411 3.457067 -0.410026
20.900000 -0.410362 3.531750 -0.410071
20.950000 -0.232236 3.579945 -0.410100
21.000000 -0.052368 3.601290 -0.410113
21.050000 0.127893 3.595625 -0.410109
21.100000 0.307195 3.562994 -0.410090
21.150000 0.484193 3.503640 -0.410054
21.200000 0.657559 3.418008 -0.410003
21.250000 0.825993 3.306742 -0.409939
21.300000 0.988233 3.170675 -0.409864
21.350000 1.143061 3.010828 -0.409780
21.400000 1.289316 2.828400 -0.409689
21.450000 1.425901 2.624758 -0.409594
21.500000 1.551792 2.401431 -0.409498
21.550000 1.666044 2.160094 -0.409404
21.600000 1.767801 1.902555 -0.409315
21.650000 1.856300 1.630748 -0.409233
21.700000 1.930876 1.346710 -0.409160
21.750000 1.990971 1.052571 -0.409100
21.800000 2.036133 0.750538 -0.409054
21.850000 2.066024 0.442877 -0.409022
21.900000 2.080421 0.131893 -0.409007
21.950000 2.079214 -0.180079 -0.409008
22.000000 2.062413 -0.490701 -0.409026
22.050000 2.030144 -0.797643 -0.409060
22.100000 1.982648 -1.098602 -0.409109
22.150000 1.920283 -1.391322 -0.409171
22.200000 1.843516 -1.673607 -0.409245
22.250000 1.752923 -1.943340 -0.409328
22.300000 1.649182 -2.198498 -0.409418
22.350000 1.533073 -2.437167 -0.409513
22.400000 1.405465 -2.657558 -0.409609
22.450000 1.267317 -2.858016 -0.409703
22.500000 1.119664 -3.037040 -0.409793
22.550000 0.963613 -3.193286 -0.409876
22.600000 0.800335 -3.325582 -0.409950
22.650000 0.631055 -3.432936 -0.410012
22.700000 0.457042 -3.514543 -0.410060
22.750000 0.279601 -3.569791 -0.410094
22.800000 0.100062 -3.598266 -0.410111
22.850000 -0.080226 -3.599754 -0.410112
22.900000 -0.259913 -3.574243 -0.410096
22.950000 -0.437650 -3.521926 -0.410065
23.000000 -0.612106 -3.443194 -0.410018
23.050000 -0.781970 -3.338639 -0.409957
23.100000 -0.945969 -3.209043 -0.409885
23.150000 -1.102874 -3.055380 -0.409803
23.200000 -1.251507 -2.878801 -0.409713
23.250000 -1.390754 -2.680632 -0.409619
23.300000 -1.519571 -2.462357 -0.409523
23.350000 -1.636990 -2.225615 -0.409428
23.400000 -1.742132 -1.972181 -0.409338
23.450000 -1.834208 -1.703956 -0.409253
23.500000 -1.912528 -1.422951 -0.409178
23.550000 -1.976503 -1.131273 -0.409115
23.600000 -2.025655 -0.831111 -0.409065
23.650000 -2.059614 -0.524716 -0.409029
23.700000 -2.078127 -0.214386 -0.409009
23.750000 -2.081053 0.097553 -0.409006
23.800000 -2.068371 0.408760 -0.409020
23.850000 -2.040177 0.716901 -0.409049
23.900000 -1.996681 1.019665 -0.409094
23.950000 -1.938210 1.314782 -0.409153
24.000000 -1.865203 1.600038 -0.409224
24.050000 -1.778207 1.873294 -0.409305
24.100000 -1.677874 2.132500 -0.409394
24.150000 -1.564957 2.375712 -0.409487
24.200000 -1.440302 2.601107 -0.409583
24.250000 -1.304846 2.806993 -0.409678
24.300000 -1.159603 2.991826 -0.409770
24.350000 -1.005663 3.154221 -0.409855
24.400000 -0.844181 3.292960 -0.409931
24.450000 -0.676367 3.407001 -0.409997
24.500000 -0.503481 3.495489 -0.410049
24.550000 -0.326818 3.557762 -0.410086
24.600000 -0.147705 3.593351 -0.410108
24.650000 0.032517 3.601990 -0.410113
24.700000 0.212494 3.583614 -0.410102
24.750000 0.390878 3.538362 -0.410075
24.800000 0.566330 3.466571 -0.410032
24.850000 0.737535 3.368781 -0.409975
24.900000 0.903208 3.245725 -0.409905
24.950000 1.062108 3.098326 -0.409825
25.000000 1.213041 2.927690 -0.409737
25.050000 1.354877 2.735096 -0.409644
25.100000 1.486551 2.521989 -0.409549
25.150000 1.607076 2.289967 -0.409453
25.200000 1.715548 2.040771 -0.409361
25.250000 1.811153 1.776268 -0.409275
25.300000 1.893174 1.498444 -0.409197
25.350000 1.960997 1.209381 -0.409130
25.400000 2.014112 0.911248 -0.409076
25.450000 2.052122 0.606280 -0.409037
25.500000 2.074740 0.296765 -0.409013
25.550000 2.081798 -0.014975 -0.409006
25.600000 2.073243 -0.326603 -0.409015
25.650000 2.049138 -0.635782 -0.409040
25.700000 2.009665 -0.940192 -0.409081
25.750000 1.955119 -1.237551 -0.409136
25.800000 1.885910 -1.525628 -0.409204
25.850000 1.802556 -1.802263 -0.409283
25.900000 1.705683 -2.065381 -0.409370
25.950000 1.596018 -2.313008 -0.409462
26.000000 1.474383 -2.543288 -0.409558
26.050000 1.341689 -2.754494 -0.409653
26.100000 1.198933 -2.945040 -0.409746
26.150000 1.047185 -3.113499 -0.409833
26.200000 0.887583 -3.258607 -0.409912
26.250000 0.721324 -3.379275 -0.409981
26.300000 0.549656 -3.474599 -0.410036
26.350000 0.373865 -3.543863 -0.410078
26.400000 0.195269 -3.586548 -0.410104
26.450000 0.015210 -3.602334 -0.410114
26.500000 -0.164964 -3.591102 -0.410107
26.550000 -0.343900 -3.552937 -0.410083
26.600000 -0.520258 -3.488125 -0.410044
26.650000 -0.692713 -3.397153 -0.409991
26.700000 -0.859973 -3.280701 -0.409925
26.750000 -1.020783 -3.139644 -0.409847
26.800000 -1.173937 -2.975040 -0.409761
26.850000 -1.318287 -2.788124 -0.409669
26.900000 -1.452750 -2.580296 -0.409574
26.950000 -1.576317 -2.353116 -0.409478
27.000000 -1.688061 -2.108287 -0.409385
27.050000 -1.787145 -1.847647 -0.409297
27.100000 -1.872826 -1.573149 -0.409217
27.150000 -1.944460 -1.286853 -0.409147
27.200000 -2.001511 -0.990905 -0.409089
27.250000 -2.043551 -0.687525 -0.409046
27.300000 -2.070264 -0.378989 -0.409018
27.350000 -2.081450 -0.067611 -0.409006
27.400000 -2.077025 0.244275 -0.409011
27.450000 -2.057022 0.554329 -0.409032
27.500000 -2.021592 0.860225 -0.409069
27.550000 -1.971000 1.159669 -0.409120
27.600000 -1.905625 1.450416 -0.409185
27.650000 -1.825958 1.730285 -0.409261
27.700000 -1.732597 1.997176 -0.409346
27.750000 -1.626241 2.249089 -0.409437
27.800000 -1.507688 2.484134 -0.409532
27.850000 -1.377827 2.700547 -0.409628
27.900000 -1.237633 2.896707 -0.409722
27.950000 -1.088157 3.071141 -0.409811
28.000000 -0.930519 3.222542 -0.409892
28.050000 -0.765902 3.349773 -0.409964
28.100000 -0.595542 3.451881 -0.410023
28.150000 -0.420714 3.528101 -0.410068
28.200000 -0.242731 3.577859 -0.410099
28.250000 -0.062928 3.600784 -0.410113
28.300000 0.117347 3.596702 -0.410110
28.350000 0.296742 3.565646 -0.410091
28.400000 0.473911 3.507847 -0.410056
28.450000 0.647527 3.423739 -0.410006
28.500000 0.816285 3.313953 -0.409943
28.550000 0.978922 3.179312 -0.409869
28.600000 1.134217 3.020827 -0.409785
28.650000 1.281005 2.839685 -0.409694
28.700000 1.418185 2.637246 -0.409599
28.750000 1.544729 2.415027 -0.409504
28.800000 1.659688 2.174696 -0.409409
28.850000 1.762199 1.918055 -0.409320
28.900000 1.851493 1.647028 -0.409237
28.950000 1.926902 1.363648 -0.409164
29.000000 1.987858 1.070041 -0.409103
29.050000 2.033906 0.768409 -0.409056
29.100000 2.064699 0.461014 -0.409024
29.150000 2.080007 0.150161 -0.409007
29.200000 2.079715 -0.161819 -0.409008
29.250000 2.063825 -0.472584 -0.409025
29.300000 2.032457 -0.779805 -0.409057
29.350000 1.985845 -1.081178 -0.409105
29.400000 1.924339 -1.374442 -0.409167
29.450000 1.848401 -1.657397 -0.409240
29.500000 1.758599 -1.927922 -0.409323
29.550000 1.655608 -2.183988 -0.409413
29.600000 1.540200 -2.423673 -0.409507
29.650000 1.413241 -2.645181 -0.409603
29.700000 1.275682 -2.846851 -0.409698
29.750000 1.128556 -3.027168 -0.409788
29.800000 0.972965 -3.184783 -0.409872
29.850000 0.810078 -3.318511 -0.409946
29.900000 0.641114 -3.427350 -0.410009
29.950000 0.467343 -3.510484 -0.410058
30.000000 0.290066 -3.567290 -0.410092
30.050000 0.110614 -3.597341 -0.410111
30.100000 -0.069668 -3.600412 -0.410112
30.150000 -0.249428 -3.576480 -0.410098
30.200000 -0.427316 -3.525724 -0.410067
30.250000 -0.602000 -3.448525 -0.410021
30.300000 -0.772169 -3.345463 -0.409961
30.350000 -0.936546 -3.217309 -0.409889
30.400000 -1.093900 -3.065026 -0.409808
30.450000 -1.243049 -2.889754 -0.409719
30.500000 -1.382875 -2.692810 -0.409625
30.550000 -1.512330 -2.475670 -0.409529
30.600000 -1.630442 -2.239962 -0.409434
30.650000 -1.736326 -1.987454 -0.409343
30.700000 -1.829187 -1.720041 -0.409258
30.750000 -1.908330 -1.439727 -0.409183
30.800000 -1.973160 -1.148615 -0.409118
30.850000 -2.023192 -0.848889 -0.409067
30.900000 -2.058049 -0.542796 -0.409031
30.950000 -2.077471 -0.232632 -0.409010
31.000000 -2.081312 0.079277 -0.409006
31.050000 -2.069543 0.390591 -0.409019
31.100000 -2.042253 0.698976 -0.409047
31.150000 -1.999646 1.002118 -0.409091
31.200000 -1.942041 1.297745 -0.409149
31.250000 -1.869871 1.583638 -0.409220
31.300000 -1.783677 1.857654 -0.409300
31.350000 -1.684106 2.117738 -0.409388
31.400000 -1.571904 2.361939 -0.409482
31.450000 -1.447912 2.588425 -0.409578
31.500000 -1.313061 2.795498 -0.409673
31.550000 -1.168362 2.981605 -0.409765
31.600000 -1.014901 3.145350 -0.409850
31.650000 -0.853827 3.285504 -0.409927
31.700000 -0.686350 3.401017 -0.409993
31.750000 -0.513726 3.491023 -0.410046
31.800000 -0.337248 3.554846 -0.410085
31.850000 -0.158241 3.592008 -0.410107
31.900000 0.021953 3.602229 -0.410114
31.950000 0.201982 3.585434 -0.410103
32.000000 0.380496 3.541748 -0.410077
32.050000 0.556157 3.471499 -0.410035
32.100000 0.727646 3.375214 -0.409978
32.150000 0.893678 3.253615 -0.409909
32.200000 1.053008 3.107613 -0.409830
32.250000 1.204440 2.938305 -0.409743
32.300000 1.346838 2.746959 -0.409650
32.350000 1.479136 2.535011 -0.409554
32.400000 1.600339 2.304050 -0.409459
32.450000 1.709541 2.055809 -0.409366
32.500000 1.805920 1.792150 -0.409280
32.550000 1.888756 1.515049 -0.409202
32.600000 1.957425 1.226586 -0.409134
32.650000 2.011414 0.928923 -0.409079
32.700000 2.050317 0.624293 -0.409039
32.750000 2.073843 0.314981 -0.409014
32.800000 2.081816 0.003306 -0.409006
32.850000 2.074174 -0.308393 -0.409014
32.900000 2.050976 -0.617779 -0.409038
32.950000 2.012396 -0.922532 -0.409078
33.000000 1.958723 -1.220366 -0.409133
33.050000 1.890360 -1.509047 -0.409200
33.100000 1.807818 -1.786411 -0.409278
33.150000 1.711718 -2.050376 -0.409364
33.200000 1.602781 -2.298963 -0.409457
33.250000 1.481822 -2.530308 -0.409552
33.300000 1.349750 -2.742676 -0.409648
33.350000 1.207555 -2.934474 -0.409741
33.400000 1.056302 -3.104263 -0.409828
33.450000 0.897128 -3.250771 -0.409908
33.500000 0.731225 -3.372897 -0.409977
33.550000 0.559838 -3.469727 -0.410034
33.600000 0.384253 -3.540534 -0.410076
33.650000 0.205785 -3.584787 -0.410103
33.700000 0.025774 -3.602154 -0.410113
33.750000 -0.154430 -3.592504 -0.410108
33.800000 -0.333476 -3.555911 -0.410085
33.850000 -0.510021 -3.492649 -0.410047
33.900000 -0.682741 -3.403192 -0.409994
33.950000 -0.850341 -3.288211 -0.409929
34.000000 -1.011562 -3.148568 -0.409852
34.050000 -1.165197 -2.985311 -0.409767
34.100000 -1.310094 -2.799664 -0.409675
34.150000 -1.445164 -2.593020 -0.409580
34.200000 -1.569395 -2.366928 -0.409484
34.250000 -1.681857 -2.123084 -0.409390
34.300000 -1.781704 -1.863317 -0.409302
34.350000 -1.868188 -1.589575 -0.409221
34.400000 -1.940661 -1.303911 -0.409151
34.450000 -1.998579 -1.008468 -0.409092
34.500000 -2.041508 -0.705462 -0.409048
34.550000 -2.069126 -0.397164 -0.409019
34.600000 -2.081225 -0.085888 -0.409006
34.650000 -2.077714 0.226033 -0.409010
34.700000 -2.058621 0.536258 -0.409030
34.750000 -2.024089 0.842461 -0.409066
34.800000 -1.974375 1.142346 -0.409117
34.850000 -1.909854 1.433663 -0.409181
34.900000 -1.831009 1.714228 -0.409256
34.950000 -1.738431 1.981936 -0.409341
35.000000 -1.632815 2.234779 -0.409432
35.050000 -1.514953 2.470862 -0.409527
35.100000 -1.385729 2.688413 -0.409623
35.150000 -1.246112 2.885801 -0.409717
35.200000 -1.097149 3.061546 -0.409806
35.250000 -0.939957 3.214329 -0.409888
35.300000 -0.775716 3.343004 -0.409960
35.350000 -0.605657 3.446607 -0.410020
35.400000 -0.431055 3.524361 -0.410066
35.450000 -0.253221 3.575681 -0.410097
35.500000 -0.073487 3.600185 -0.410112
35.550000 0.106797 3.597686 -0.410111
35.600000 0.286281 3.568205 -0.410093
35.650000 0.463618 3.511963 -0.410059
35.700000 0.637478 3.429381 -0.410010
35.750000 0.806556 3.321078 -0.409947
35.800000 0.969585 3.187868 -0.409873
35.850000 1.125343 3.030748 -0.409790
35.900000 1.272660 2.850898 -0.409700
35.950000 1.410433 2.649666 -0.409605
36.000000 1.537627 2.428561 -0.409509
36.050000 1.653289 2.189243 -0.409415
36.100000 1.756551 1.933505 -0.409325
36.150000 1.846639 1.663265 -0.409242
36.200000 1.922878 1.380552 -0.409168
36.250000 1.984694 1.087484 -0.409107
36.300000 2.031626 0.786260 -0.409058
36.350000 2.063320 0.479139 -0.409025
36.400000 2.079540 0.168424 -0.409008
36.450000 2.080163 -0.143553 -0.409007
36.500000 2.065185 -0.454455 -0.409023
36.550000 2.034717 -0.761947 -0.409055
36.600000 1.988990 -1.063725 -0.409102
36.650000 1.928345 -1.357525 -0.409163
36.700000 1.853237 -1.641144 -0.409236
36.750000 1.764230 -1.912454 -0.409318
36.800000 1.661992 -2.169421 -0.409407
36.850000 1.547288 -2.410117 -0.409502
36.900000 1.420980 -2.632737 -0.409597
36.950000 1.284015 -2.835612 -0.409692
37.000000 1.137419 -3.017219 -0.409783
37.050000 0.982293 -3.176197 -0.409867
37.100000 0.819799 -3.311354 -0.409942
37.150000 0.651157 -3.421676 -0.410005
37.200000 0.477632 -3.506335 -0.410055
37.250000 0.300524 -3.564697 -0.410091
37.300000 0.121162 -3.596323 -0.410110
37.350000 -0.059109 -3.600977 -0.410113
37.400000 -0.238936 -3.578624 -0.410099
37.450000 -0.416971 -3.529431 -0.410069
37.500000 -0.591879 -3.453767 -0.410024
37.550000 -0.762348 -3.352200 -0.409965
37.600000 -0.927099 -3.225492 -0.409894
37.650000 -1.084897 -3.074592 -0.409813
37.700000 -1.234558 -2.900633 -0.409724
37.750000 -1.374960 -2.704919 -0.409630
37.800000 -1.505050 -2.488918 -0.409534
37.850000 -1.623852 -2.254251 -0.409439
37.900000 -1.730475 -2.002676 -0.409348
37.950000 -1.824120 -1.736082 -0.409263
38.000000 -1.904083 -1.456466 -0.409187
38.050000 -1.969766 -1.165928 -0.409122
38.100000 -2.020676 -0.866645 -0.409070
38.150000 -2.056431 -0.560862 -0.409032
38.200000 -2.076762 -0.250872 -0.409011
38.250000 -2.081518 0.060999 -0.409006
38.300000 -2.070662 0.372412 -0.409017
38.350000 -2.044277 0.681033 -0.409045
38.400000 -2.002559 0.984546 -0.409088
38.450000 -1.945822 1.280674 -0.409146
38.500000 -1.874492 1.567198 -0.409215
38.550000 -1.789102 1.841967 -0.409295
38.600000 -1.690295 2.102922 -0.409383
38.650000 -1.578810 2.348105 -0.409476
38.700000 -1.455484 2.575677 -0.409572
38.750000 -1.321242 2.783931 -0.409667
38.800000 -1.177091 2.971306 -0.409759
38.850000 -1.024112 3.136397 -0.409845
38.900000 -0.863452 3.277964 -0.409923
38.950000 -0.696315 3.394947 -0.409990
39.000000 -0.523957 3.486467 -0.410043
39.050000 -0.347669 3.551839 -0.410083
39.100000 -0.168773 3.590572 -0.410106
39.150000 0.011388 3.602376 -0.410114
39.200000 0.191465 3.587162 -0.410104
39.250000 0.370105 3.545044 -0.410079
39.300000 0.545969 3.476339 -0.410037
39.350000 0.717739 3.381561 -0.409982
39.400000 0.884125 3.261421 -0.409914
39.450000 1.043881 3.116820 -0.409835
39.500000 1.195807 2.948844 -0.409748
39.550000 1.338765 2.758751 -0.409655
39.600000 1.471682 2.547967 -0.409560
39.650000 1.593562 2.318074 -0.409464
39.700000 1.703490 2.070795 -0.409372
39.750000 1.800641 1.807985 -0.409285
39.800000 1.884288 1.531616 -0.409206
39.850000 1.953803 1.243759 -0.409138
39.900000 2.008664 0.946574 -0.409082
39.950000 2.048460 0.642290 -0.409041
40.000000 2.072893 0.333188 -0.409015
40.050000 2.081779 0.021588 -0.409006
40.100000 2.075052 -0.290175 -0.409013
40.150000 2.052762 -0.599761 -0.409036
40.200000 2.015076 -0.904848 -0.409075
40.250000 1.962277 -1.203150 -0.409129
40.300000 1.894761 -1.492428 -0.409196
40.350000 1.813034 -1.770512 -0.409273
40.400000 1.717709 -2.035318 -0.409359
40.450000 1.609502 -2.284859 -0.409451
40.500000 1.489224 -2.517263 -0.409547
40.550000 1.357776 -2.730788 -0.409642
40.600000 1.216145 -2.923832 -0.409735
40.650000 1.065393 -3.094948 -0.409823
40.700000 0.906650 -3.242851 -0.409903
40.750000 0.741108 -3.366433 -0.409973
40.800000 0.570007 -3.464766 -0.410031
40.850000 0.394631 -3.537114 -0.410074
40.900000 0.216295 -3.582933 -0.410102
40.950000 0.036338 -3.601881 -0.410113
41.000000 -0.143893 -3.593814 -0.410108
41.050000 -0.323044 -3.558794 -0.410087
41.100000 -0.499772 -3.497083 -0.410050
41.150000 -0.672752 -3.409144 -0.409998
41.200000 -0.840687 -3.295636 -0.409933
41.250000 -1.002316 -3.157410 -0.409857
41.300000 -1.156428 -2.995505 -0.409772
41.350000 -1.301866 -2.811133 -0.409680
41.400000 -1.437541 -2.605677 -0.409585
41.450000 -1.562434 -2.380679 -0.409489
41.500000 -1.675609 -2.137826 -0.409396
41.550000 -1.776216 -1.878939 -0.409307
41.600000 -1.863503 -1.605960 -0.409226
41.650000 -1.936812 -1.320936 -0.409155
41.700000 -1.995596 -1.026006 -0.409095
41.750000 -2.039413 -0.723380 -0.409050
41.800000 -2.067934 -0.415329 -0.409020
41.850000 -2.080946 -0.104163 -0.409006
41.900000 -2.078351 0.207784 -0.409009
41.950000 -2.060168 0.518173 -0.409028
42.000000 -2.026533 0.824676 -0.409064
42.050000 -1.977700 1.124993 -0.409114
42.100000 -1.914034 1.416873 -0.409177
42.150000 -1.836013 1.698127 -0.409252
42.200000 -1.744221 1.966644 -0.409336
42.250000 -1.639348 2.220412 -0.409427
42.300000 -1.522180 2.457527 -0.409521
42.350000 -1.393596 2.676210 -0.409617
42.400000 -1.254559 2.874821 -0.409711
42.450000 -1.106113 3.051872 -0.409801
42.500000 -0.949372 3.206033 -0.409883
42.550000 -0.785510 3.336149 -0.409956
42.600000 -0.615757 3.441244 -0.410017
42.650000 -0.441386 3.520530 -0.410064
42.700000 -0.263704 3.573412 -0.410096
42.750000 -0.084044 3.599493 -0.410112
42.800000 0.096245 3.598578 -0.410111
42.850000 0.275813 3.570673 -0.410094
42.900000 0.453313 3.515989 -0.410061
42.950000 0.627412 3.434935 -0.410013
43.000000 0.796806 3.328118 -0.409951
43.050000 0.960224 3.196341 -0.409878
43.100000 1.116440 3.040591 -0.409795
43.150000 1.264283 2.862037 -0.409705
43.200000 1.402644 2.662017 -0.409611
43.250000 1.530485 2.442033 -0.409515
43.300000 1.646847 2.203733 -0.409420
43.350000 1.750858 1.948905 -0.409330
43.400000 1.841738 1.679460 -0.409246
43.450000 1.918804 1.397420 -0.409172
43.500000 1.981480 1.104898 -0.409110
43.550000 2.029294 0.804090 -0.409061
43.600000 2.061889 0.497252 -0.409027
43.650000 2.079019 0.186683 -0.409008
43.700000 2.080557 -0.125285 -0.409007
43.750000 2.066491 -0.436313 -0.409022
43.800000 2.036926 -0.744070 -0.409053
43.850000 1.992084 -1.046245 -0.409099
43.900000 1.932301 -1.340574 -0.409159
43.950000 1.858026 -1.624849 -0.409231
44.000000 1.769816 -1.896937 -0.409313
44.050000 1.668333 -2.154798 -0.409402
44.100000 1.554337 -2.396498 -0.409496
44.150000 1.428683 -2.620225 -0.409592
44.200000 1.292314 -2.824299 -0.409687
44.250000 1.146253 -3.007192 -0.409778
44.300000 0.991595 -3.167531 -0.409862
44.350000 0.829500 -3.304113 -0.409938
44.400000 0.661184 -3.415914 -0.410002
44.450000 0.487908 -3.502096 -0.410053
44.500000 0.310974 -3.562012 -0.410089
44.550000 0.131707 -3.595213 -0.410109
44.600000 -0.048547 -3.601450 -0.410113
44.650000 -0.228438 -3.580676 -0.410100
44.700000 -0.406615 -3.533047 -0.410071
44.750000 -0.581742 -3.458920 -0.410027
44.800000 -0.752507 -3.358852 -0.409969
44.850000 -0.917628 -3.233592 -0.409898
44.900000 -1.075866 -3.084080 -0.409818
44.950000 -1.226036 -2.911437 -0.409729
45.000000 -1.367010 -2.716959 -0.409636
45.050000 -1.497731 -2.502103 -0.409540
45.100000 -1.617220 -2.268482 -0.409445
45.150000 -1.724580 -2.017847 -0.409353
45.200000 -1.819005 -1.752078 -0.409268
45.250000 -1.899787 -1.473168 -0.409191
45.300000 -1.966322 -1.183210 -0.409125
45.350000 -2.018108 -0.884378 -0.409072
45.400000 -2.054759 -0.578913 -0.409034
45.450000 -2.076000 -0.269106 -0.409012
45.500000 -2.081670 0.042719 -0.409006
45.550000 -2.071728 0.354224 -0.409016
45.600000 -2.046248 0.663072 -0.409043
45.650000 -2.005421 0.966947 -0.409085
45.700000 -1.949553 1.263570 -0.409142
45.750000 -1.879064 1.550717 -0.409211
45.800000 -1.794481 1.826233 -0.409290
45.850000 -1.696440 2.088052 -0.409378
45.900000 -1.585676 2.334210 -0.409471
45.950000 -1.463019 2.562862 -0.409566
46.000000 -1.329390 2.772293 -0.409662
46.050000 -1.185790 2.960932 -0.409754
46.100000 -1.033297 3.127363 -0.409841
46.150000 -0.873054 3.270339 -0.409919
46.200000 -0.706263 3.388788 -0.409986
46.250000 -0.534175 3.481821 -0.410041
46.300000 -0.358081 3.548740 -0.410081
46.350000 -0.179301 3.589044 -0.410105
46.400000 0.000824 3.602429 -0.410114
46.450000 0.180942 3.588797 -0.410105
46.500000 0.359703 3.548249 -0.410081
46.550000 0.535767 3.481088 -0.410040
46.600000 0.707812 3.387820 -0.409986
46.650000 0.874549 3.269143 -0.409918
46.700000 1.034727 3.125947 -0.409840
46.750000 1.187144 2.959307 -0.409753
46.800000 1.330657 2.770472 -0.409661
46.850000 1.464191 2.560858 -0.409565
46.900000 1.586743 2.332038 -0.409470
46.950000 1.697395 2.085728 -0.409377
47.000000 1.795316 1.823774 -0.409290
47.050000 1.879772 1.548143 -0.409210
47.100000 1.950130 1.260900 -0.409141
47.150000 2.005862 0.964201 -0.409085
47.200000 2.046550 0.660270 -0.409043
47.250000 2.071889 0.351387 -0.409016
47.300000 2.081689 0.039869 -0.409006
47.350000 2.075876 -0.271949 -0.409012
47.400000 2.054494 -0.581727 -0.409034
47.450000 2.017703 -0.887141 -0.409073
47.500000 1.965780 -1.185903 -0.409126
47.550000 1.899113 -1.475770 -0.409191
47.600000 1.818203 -1.754568 -0.409268
47.650000 1.723656 -2.020208 -0.409354
47.700000 1.616182 -2.270696 -0.409446
47.750000 1.496587 -2.504153 -0.409541
47.800000 1.365767 -2.718830 -0.409637
47.850000 1.224704 -2.913115 -0.409730
47.900000 1.074455 -3.085552 -0.409818
47.950000 0.916148 -3.234847 -0.409899
48.000000 0.750971 -3.359881 -0.409969
48.050000 0.580160 -3.459716 -0.410028
48.100000 0.404999 -3.533603 -0.410072
48.150000 0.226800 -3.580988 -0.410100
48.200000 0.046900 -3.601515 -0.410113
48.250000 -0.133351 -3.595032 -0.410109
48.300000 -0.312603 -3.561585 -0.410089
48.350000 -0.489510 -3.501427 -0.410052
48.400000 -0.662746 -3.415007 -0.410001
48.450000 -0.831011 -3.302976 -0.409937
48.500000 -0.993043 -3.166172 -0.409861
48.550000 -1.147628 -3.005621 -0.409777
48.600000 -1.293605 -2.822529 -0.409686
48.650000 -1.429881 -2.618267 -0.409591
48.700000 -1.555432 -2.394369 -0.409495
48.750000 -1.669318 -2.152513 -0.409401
48.800000 -1.770683 -1.894513 -0.409312
48.850000 -1.858769 -1.622304 -0.409230
48.900000 -1.932914 -1.337927 -0.409158
48.950000 -1.992562 -1.043517 -0.409099
49.000000 -2.037265 -0.741280 -0.409052
49.050000 -2.066690 -0.433483 -0.409022
49.100000 -2.080614 -0.122435 -0.409007
49.150000 -2.078933 0.189531 -0.409009
49.200000 -2.061661 0.500075 -0.409027
49.250000 -2.028926 0.806869 -0.409061
49.300000 -1.980974 1.107612 -0.409110
49.350000 -1.918164 1.400047 -0.409173
49.400000 -1.840969 1.681982 -0.409247
49.450000 -1.749966 1.951302 -0.409331
49.500000 -1.645839 2.205987 -0.409421
49.550000 -1.529368 2.444128 -0.409516
49.600000 -1.401426 2.663937 -0.409611
49.650000 -1.262974 2.863767 -0.409706
49.700000 -1.115049 3.042119 -0.409796
49.750000 -0.958762 3.197655 -0.409879
49.800000 -0.795284 3.329208 -0.409952
49.850000 -0.625841 3.435793 -0.410013
49.900000 -0.451704 3.516609 -0.410061
49.950000 -0.274180 3.571050 -0.410094
50.000000 -0.094599 3.598709 -0.410111
50.050000 0.085691 3.599377 -0.410112
50.100000 0.265338 3.573050 -0.410096
50.150000 0.442996 3.519924 -0.410063
50.200000 0.617331 3.440400 -0.410016
50.250000 0.787036 3.335073 -0.409955
50.300000 0.950838 3.204732 -0.409882
50.350000 1.107509 3.050356 -0.409800
50.400000 1.255873 2.873102 -0.409710
50.450000 1.394819 2.674300 -0.409616
50.500000 1.523304 2.455441 -0.409520
50.550000 1.640363 2.218166 -0.409426
50.600000 1.745120 1.964255 -0.409335
50.650000 1.836789 1.695612 -0.409251
50.700000 1.914681 1.414252 -0.409176
50.750000 1.978214 1.122284 -0.409113
50.800000 2.026910 0.821900 -0.409063
50.850000 2.060404 0.515352 -0.409028
50.900000 2.078445 0.204938 -0.409009
50.950000 2.080898 -0.107013 -0.409006
51.000000 2.067744 -0.418161 -0.409020
51.050000 2.039082 -0.726173 -0.409051
51.100000 1.995126 -1.028738 -0.409096
51.150000 1.936208 -1.323588 -0.409155
51.200000 1.862768 -1.608512 -0.409226
51.250000 1.775357 -1.881371 -0.409308
51.300000 1.674630 -2.140120 -0.409397
51.350000 1.561345 -2.382818 -0.409490
51.400000 1.436349 -2.607645 -0.409586
51.450000 1.300580 -2.812915 -0.409681
51.500000 1.155057 -2.997087 -0.409773
51.550000 1.000871 -3.158782 -0.409858
51.600000 0.839179 -3.296786 -0.409934
51.650000 0.671193 -3.410064 -0.409998
51.700000 0.498173 -3.497766 -0.410050
51.750000 0.321416 -3.559235 -0.410087
51.800000 0.142249 -3.594010 -0.410108
51.850000 -0.037985 -3.601830 -0.410113
51.900000 -0.217934 -3.582636 -0.410101
51.950000 -0.396248 -3.536572 -0.410073
52.000000 -0.571591 -3.463984 -0.410030
52.050000 -0.742647 -3.365417 -0.409973
52.100000 -0.908133 -3.241608 -0.409903
52.150000 -1.066808 -3.093488 -0.409823
52.200000 -1.217482 -2.922166 -0.409735
52.250000 -1.359024 -2.728928 -0.409641
52.300000 -1.490374 -2.515223 -0.409546
52.350000 -1.610547 -2.282654 -0.409450
52.400000 -1.718640 -2.032965 -0.409358
52.450000 -1.813843 -1.768029 -0.409272
52.500000 -1.895443 -1.489832 -0.409195
52.550000 -1.962826 -1.200462 -0.409129
52.600000 -2.015489 -0.902089 -0.409075
52.650000 -2.053035 -0.596949 -0.409036
52.700000 -2.075184 -0.287333 -0.409013
52.750000 -2.081768 0.024439 -0.409006
52.800000 -2.072740 0.336027 -0.409015
52.850000 -2.048166 0.645095 -0.409041
52.900000 -2.008230 0.949324 -0.409082
52.950000 -1.953233 1.246434 -0.409138
53.000000 -1.883587 1.534196 -0.409207
53.050000 -1.799814 1.810451 -0.409285
53.100000 -1.702542 2.073127 -0.409373
53.150000 -1.592501 2.320256 -0.409465
53.200000 -1.470516 2.549982 -0.409561
53.250000 -1.337503 2.760583 -0.409656
53.300000 -1.194458 2.950481 -0.409749
53.350000 -1.042455 3.118249 -0.409836
53.400000 -0.882633 3.262631 -0.409914
53.450000 -0.716192 3.382542 -0.409982
53.500000 -0.544379 3.477085 -0.410038
53.550000 -0.368483 3.545550 -0.410079
53.600000 -0.189824 3.587423 -0.410104
53.650000 -0.009741 3.602390 -0.410114
53.700000 0.170415 3.590340 -0.410106
53.750000 0.349293 3.551362 -0.410082
53.800000 0.525551 3.485748 -0.410043
53.850000 0.697868 3.393992 -0.409989
53.900000 0.864950 3.276780 -0.409922
53.950000 1.025546 3.134993 -0.409845
54.000000 1.178450 2.969694 -0.409759
54.050000 1.322515 2.782121 -0.409666
54.100000 1.456662 2.573683 -0.409571
54.150000 1.579884 2.345942 -0.409475
54.200000 1.691256 2.100607 -0.409382
54.250000 1.789944 1.839516 -0.409294
54.300000 1.875208 1.564630 -0.409215
54.350000 1.946407 1.278009 -0.409145
54.400000 2.003009 0.981803 -0.409088
54.450000 2.044588 0.678233 -0.409045
54.500000 2.070832 0.369577 -0.409017
54.550000 2.081545 0.058148 -0.409006
54.600000 2.076647 -0.253716 -0.409011
54.650000 2.056174 -0.563678 -0.409033
54.700000 2.020279 -0.869412 -0.409070
54.750000 1.969232 -1.168625 -0.409122
54.800000 1.903417 -1.459074 -0.409187
54.850000 1.823325 -1.738579 -0.409264
54.900000 1.729559 -2.005045 -0.409349
54.950000 1.622820 -2.256474 -0.409440
55.000000 1.503911 -2.490979 -0.409535
55.050000 1.373723 -2.706801 -0.409631
55.100000 1.233231 -2.902323 -0.409725
55.150000 1.083490 -3.076077 -0.409813
55.200000 0.925623 -3.226761 -0.409895
55.250000 0.760814 -3.353243 -0.409966
55.300000 0.590299 -3.454577 -0.410025
55.350000 0.415357 -3.530001 -0.410070
55.400000 0.237299 -3.578950 -0.410099
55.450000 0.057462 -3.601057 -0.410113
55.500000 -0.122807 -3.596156 -0.410110
55.550000 -0.302154 -3.564284 -0.410090
55.600000 -0.479235 -3.505680 -0.410055
55.650000 -0.652722 -3.420783 -0.410005
55.700000 -0.821314 -3.310231 -0.409941
55.750000 -0.983745 -3.174851 -0.409866
55.800000 -1.138799 -3.015660 -0.409782
55.850000 -1.285311 -2.833852 -0.409691
55.900000 -1.422184 -2.630790 -0.409596
55.950000 -1.548390 -2.407997 -0.409501
56.000000 -1.662984 -2.167144 -0.409407
56.050000 -1.765105 -1.910037 -0.409317
56.100000 -1.853987 -1.638605 -0.409235
56.150000 -1.928965 -1.354884 -0.409162
56.200000 -1.989476 -1.061001 -0.409102
56.250000 -2.035065 -0.759160 -0.409055
56.300000 -2.065392 -0.451626 -0.409023
56.350000 -2.080228 -0.140705 -0.409007
56.400000 -2.079462 0.171272 -0.409008
56.450000 -2.063101 0.481964 -0.409025
56.500000 -2.031266 0.789042 -0.409059
56.550000 -1.984196 1.090201 -0.409107
56.600000 -1.922246 1.383185 -0.409169
56.650000 -1.845878 1.665794 -0.409242
56.700000 -1.755666 1.935910 -0.409326
56.750000 -1.652287 2.191506 -0.409416
56.800000 -1.536516 2.430666 -0.409510
56.850000 -1.409220 2.651597 -0.409606
56.900000 -1.271356 2.852640 -0.409700
56.950000 -1.123956 3.032288 -0.409791
57.000000 -0.968127 3.189195 -0.409874
57.050000 -0.805037 3.322182 -0.409948
57.100000 -0.635909 3.430253 -0.410010
57.150000 -0.462012 3.512597 -0.410059
57.200000 -0.284649 3.568596 -0.410093
57.250000 -0.105152 3.597831 -0.410111
57.300000 0.075134 3.600083 -0.410112
57.350000 0.254856 3.575334 -0.410097
57.400000 0.432667 3.523769 -0.410066
57.450000 0.607233 3.445777 -0.410019
57.500000 0.777245 3.341941 -0.409959
57.550000 0.941427 3.213041 -0.409887
57.600000 1.098549 3.060042 -0.409805
57.650000 1.247432 2.884094 -0.409716
57.700000 1.386958 2.686515 -0.409622
57.750000 1.516083 2.468786 -0.409526
57.800000 1.633837 2.232542 -0.409431
57.850000 1.739337 1.979554 -0.409340
57.900000 1.831792 1.711720 -0.409256
57.950000 1.910509 1.431047 -0.409180
58.000000 1.974897 1.139642 -0.409116
58.050000 2.024473 0.839689 -0.409066
58.100000 2.058866 0.533438 -0.409030
58.150000 2.077817 0.223187 -0.409010
58.200000 2.081185 -0.088738 -0.409006
58.250000 2.068943 -0.399998 -0.409019
58.300000 2.041185 -0.708257 -0.409048
58.350000 1.998118 -1.011205 -0.409093
58.400000 1.940064 -1.306569 -0.409151
58.450000 1.867461 -1.592133 -0.409222
58.500000 1.780851 -1.865756 -0.409303
58.550000 1.680885 -2.125387 -0.409391
58.600000 1.568312 -2.369076 -0.409485
58.650000 1.443977 -2.594998 -0.409581
58.700000 1.308813 -2.801457 -0.409676
58.750000 1.163832 -2.986906 -0.409767
58.800000 1.010122 -3.149952 -0.409853
58.850000 0.848837 -3.289374 -0.409929
58.900000 0.681185 -3.404126 -0.409995
58.950000 0.508424 -3.493346 -0.410048
59.000000 0.331850 -3.556367 -0.410085
59.050000 0.152787 -3.592715 -0.410108
59.100000 -0.027421 -3.602117 -0.410113
59.150000 -0.207424 -3.584504 -0.410103
59.200000 -0.385872 -3.540007 -0.410076
59.250000 -0.561425 -3.468959 -0.410033
59.300000 -0.732768 -3.371895 -0.409976
59.350000 -0.898615 -3.249541 -0.409907
59.400000 -1.057722 -3.102816 -0.409828
59.450000 -1.208896 -2.932820 -0.409740
59.500000 -1.351004 -2.740827 -0.409647
59.550000 -1.482979 -2.528278 -0.409551
59.600000 -1.603832 -2.296768 -0.409456
59.650000 -1.712656 -2.048031 -0.409364
59.700000 -1.808635 -1.783934 -0.409277
59.750000 -1.891049 -1.506458 -0.409199
59.800000 -1.959281 -1.217683 -0.409132
59.850000 -2.012817 -0.919776 -0.409078
59.900000 -2.051258 -0.614970 -0.409038
59.950000 -2.074314 -0.305552 -0.409013
60.000000 -2.081813 0.006157 -0.409006
60.050000 -2.073699 0.317821 -0.409014
60.100000 -2.050031 0.627100 -0.409039
60.150000 -2.010989 0.931677 -0.409080
60.200000 -1.956864 1.229266 -0.409135
60.250000 -1.888062 1.517635 -0.409202
60.300000 -1.805100 1.794622 -0.409281
60.350000 -1.708600 2.058150 -0.409367
60.400000 -1.599285 2.306241 -0.409460
60.450000 -1.477976 2.537036 -0.409555
60.500000 -1.345581 2.748803 -0.409651
60.550000 -1.203095 2.939953 -0.409744
60.600000 -1.051586 3.109055 -0.409831
60.650000 -0.892190 3.254838 -0.409910
60.700000 -0.726102 3.376210 -0.409979
60.750000 -0.554569 3.472260 -0.410035
60.800000 -0.378876 3.542268 -0.410077
60.850000 -0.200342 3.585710 -0.410103
60.900000 -0.020305 3.602258 -0.410114
60.950000 0.159884 3.591790 -0.410107
61.000000 0.338874 3.554383 -0.410084
61.050000 0.515322 3.490319 -0.410046
61.100000 0.687905 3.400076 -0.409993
61.150000 0.855330 3.284334 -0.409927
61.200000 1.016339 3.143959 -0.409850
61.250000 1.169726 2.980004 -0.409764
61.300000 1.314339 2.793699 -0.409672
61.350000 1.449095 2.586441 -0.409577
61.400000 1.572983 2.359785 -0.409481
61.450000 1.685074 2.115431 -0.409388
61.500000 1.784527 1.855211 -0.409299
61.550000 1.870595 1.581077 -0.409219
61.600000 1.942634 1.295085 -0.409149
61.650000 2.000104 0.999379 -0.409091
61.700000 2.042572 0.696179 -0.409047
61.750000 2.069721 0.387757 -0.409018
61.800000 2.081348 0.076427 -0.409006
61.850000 2.077364 -0.235477 -0.409010
61.900000 2.057800 -0.545614 -0.409031
61.950000 2.022803 -0.851659 -0.409067
62.000000 1.972634 -1.151317 -0.409119
62.050000 1.907671 -1.442340 -0.409183
62.100000 1.828400 -1.722545 -0.409259
62.150000 1.735416 -1.989832 -0.409344
62.200000 1.629417 -2.242194 -0.409435
62.250000 1.511197 -2.477740 -0.409530
62.300000 1.381643 -2.694703 -0.409626
62.350000 1.241727 -2.891456 -0.409719
62.400000 1.092497 -3.066523 -0.409808
62.450000 0.935074 -3.218591 -0.409890
62.500000 0.770638 -3.346519 -0.409962
62.550000 0.600423 -3.449349 -0.410021
62.600000 0.425704 -3.526308 -0.410067
62.650000 0.247792 -3.576820 -0.410098
62.700000 0.068021 -3.600506 -0.410112
62.750000 -0.112259 -3.597188 -0.410110
62.800000 -0.291697 -3.566892 -0.410092
62.850000 -0.468948 -3.509843 -0.410057
62.900000 -0.642682 -3.426471 -0.410008
62.950000 -0.811595 -3.317400 -0.409945
63.000000 -0.974422 -3.183449 -0.409871
63.050000 -1.129940 -3.025622 -0.409787
63.100000 -1.276984 -2.845103 -0.409697
63.150000 -1.414450 -2.643245 -0.409602
63.200000 -1.541308 -2.421563 -0.409506
63.250000 -1.656607 -2.181720 -0.409412
63.300000 -1.759480 -1.925513 -0.409322
63.350000 -1.849158 -1.654865 -0.409239
63.400000 -1.924967 -1.371806 -0.409166
63.450000 -1.986339 -1.078458 -0.409105
63.500000 -2.032813 -0.777022 -0.409057
63.550000 -2.064041 -0.469758 -0.409024
63.600000 -2.079788 -0.158970 -0.409008
63.650000 -2.079938 0.153009 -0.409008
63.700000 -2.064487 0.463841 -0.409024
63.750000 -2.033554 0.771194 -0.409056
63.800000 -1.987368 1.072763 -0.409104
63.850000 -1.926277 1.366287 -0.409165
63.900000 -1.850739 1.649563 -0.409238
63.950000 -1.761321 1.920467 -0.409320
64.000000 -1.658693 2.176968 -0.409410
64.050000 -1.543624 2.417142 -0.409504
64.100000 -1.416978 2.639187 -0.409600
64.150000 -1.279705 2.841439 -0.409695
64.200000 -1.132835 3.022379 -0.409786
64.250000 -0.977468 3.180652 -0.409869
64.300000 -0.814769 3.315070 -0.409944
64.350000 -0.645961 3.424624 -0.410007
64.400000 -0.472307 3.508494 -0.410057
64.450000 -0.295111 3.566051 -0.410091
64.500000 -0.115702 3.596862 -0.410110
64.550000 0.064575 3.600696 -0.410113
64.600000 0.244368 3.577526 -0.410098
64.650000 0.422328 3.527523 -0.410068
64.700000 0.597120 3.451065 -0.410022
64.750000 0.767434 3.348723 -0.409963
64.800000 0.931992 3.221266 -0.409892
64.850000 1.089561 3.069650 -0.409810
64.900000 1.238957 2.895011 -0.409721
64.950000 1.379062 2.698659 -0.409627
65.000000 1.508823 2.482068 -0.409532
65.050000 1.627269 2.246861 -0.409437
65.100000 1.733509 1.994803 -0.409345
65.150000 1.826749 1.727783 -0.409260
65.200000 1.906288 1.447806 -0.409185
65.250000 1.971530 1.156969 -0.409120
65.300000 2.021985 0.857456 -0.409068
65.350000 2.057275 0.551511 -0.409031
65.400000 2.077136 0.241431 -0.409010
65.450000 2.081418 -0.070461 -0.409006
65.500000 2.070090 -0.381824 -0.409018
65.550000 2.043236 -0.690324 -0.409046
65.600000 2.001057 -0.993646 -0.409090
65.650000 1.943871 -1.289515 -0.409148
65.700000 1.872106 -1.575713 -0.409218
65.750000 1.786300 -1.850094 -0.409298
65.800000 1.687097 -2.110599 -0.409386
65.850000 1.575240 -2.355274 -0.409479
65.900000 1.451569 -2.582285 -0.409575
65.950000 1.317012 -2.789928 -0.409670
66.000000 1.172576 -2.976647 -0.409762
66.050000 1.019347 -3.141041 -0.409848
66.100000 0.858472 -3.281878 -0.409925
66.150000 0.691159 -3.398100 -0.409991
66.200000 0.518662 -3.488837 -0.410045
66.250000 0.342275 -3.553407 -0.410084
66.300000 0.163321 -3.591327 -0.410107
66.350000 -0.016857 -3.602312 -0.410114
66.400000 -0.196910 -3.586279 -0.410104
66.450000 -0.375485 -3.543349 -0.410078
66.500000 -0.551245 -3.473845 -0.410036
66.550000 -0.722870 -3.378286 -0.409980
66.600000 -0.889073 -3.257390 -0.409912
66.650000 -1.048609 -3.112064 -0.409832
66.700000 -1.200280 -2.943398 -0.409745
66.750000 -1.342949 -2.752656 -0.409653
66.800000 -1.475545 -2.541269 -0.409557
66.850000 -1.597075 -2.310822 -0.409461
66.900000 -1.706627 -2.063044 -0.409369
66.950000 -1.803380 -1.799794 -0.409282
67.000000 -1.886607 -1.523045 -0.409204
67.050000 -1.955684 -1.234873 -0.409136
67.100000 -2.010094 -0.937440 -0.409081
67.150000 -2.049428 -0.632975 -0.409040
67.200000 -2.073392 -0.323764 -0.409014
67.250000 -2.081805 -0.012124 -0.409006
67.300000 -2.074604 0.299607 -0.409013
67.350000 -2.051844 0.609090 -0.409037
67.400000 -2.013695 0.914006 -0.409077
67.450000 -1.960443 1.212066 -0.409131
67.500000 -1.892488 1.501036 -0.409198
67.550000 -1.810340 1.778748 -0.409276
67.600000 -1.714614 2.043119 -0.409362
67.650000 -1.606028 2.292168 -0.409454
67.700000 -1.485397 2.524024 -0.409549
67.750000 -1.353625 2.736951 -0.409645
67.800000 -1.211702 2.929351 -0.409738
67.850000 -1.060690 3.099780 -0.409826
67.900000 -0.901724 3.246961 -0.409906
67.950000 -0.735994 3.369790 -0.409975
68.000000 -0.564745 3.467345 -0.410032
68.050000 -0.389260 3.538896 -0.410075
68.100000 -0.210855 3.583904 -0.410102
68.150000 -0.030869 3.602034 -0.410113
68.200000 0.149348 3.593148 -0.410108
68.250000 0.328445 3.557313 -0.410086
68.300000 0.505079 3.494799 -0.410048
68.350000 0.677925 3.406074 -0.409996
68.400000 0.845687 3.291803 -0.409931
68.450000 1.007106 3.152843 -0.409854
68.500000 1.160971 2.990237 -0.409769
68.550000 1.306129 2.805205 -0.409677
68.600000 1.441492 2.599133 -0.409582
68.650000 1.566043 2.373568 -0.409487
68.700000 1.678848 2.130201 -0.409393
68.750000 1.779063 1.870858 -0.409304
68.800000 1.865934 1.597483 -0.409223
68.850000 1.938811 1.312127 -0.409153
68.900000 1.997147 1.016930 -0.409094
68.950000 2.040504 0.714107 -0.409049
69.000000 2.068558 0.405927 -0.409020
69.050000 2.081097 0.094703 -0.409006
69.100000 2.078028 -0.217231 -0.409010
69.150000 2.059374 -0.527537 -0.409029
69.200000 2.025274 -0.833885 -0.409065
69.250000 1.975985 -1.133980 -0.409115
69.300000 1.911876 -1.425569 -0.409179
69.350000 1.833428 -1.706467 -0.409254
69.400000 1.741230 -1.974566 -0.409338
69.450000 1.635972 -2.227857 -0.409429
69.500000 1.518444 -2.464438 -0.409524
69.550000 1.389528 -2.682536 -0.409620
69.600000 1.250190 -2.880514 -0.409714
69.650000 1.101476 -3.056890 -0.409803
69.700000 0.944501 -3.210338 -0.409886
69.750000 0.780443 -3.339709 -0.409958
69.800000 0.610531 -3.444032 -0.410018
69.850000 0.436039 -3.522524 -0.410065
69.900000 0.258278 -3.574598 -0.410097
69.950000 0.078580 -3.599863 -0.410112
70.000000 -0.101708 -3.598128 -0.410111
70.050000 -0.281233 -3.569407 -0.410093
70.100000 -0.458649 -3.513916 -0.410060
70.150000 -0.632625 -3.432071 -0.410011
70.200000 -0.801856 -3.324485 -0.409949
70.250000 -0.965073 -3.191965 -0.409876
70.300000 -1.121052 -3.035506 -0.409792
70.350000 -1.268624 -2.856280 -0.409702
70.400000 -1.406680 -2.655632 -0.409608
70.450000 -1.534187 -2.435067 -0.409512
70.500000 -1.650187 -2.196239 -0.409417
70.550000 -1.753811 -1.940939 -0.409327
70.600000 -1.844281 -1.671082 -0.409244
70.650000 -1.920919 -1.388692 -0.409170
70.700000 -1.983150 -1.095887 -0.409108
70.750000 -2.030508 -0.794863 -0.409059
70.800000 -2.062636 -0.487877 -0.409026
70.850000 -2.079295 -0.177232 -0.409008
70.900000 -2.080360 0.134742 -0.409007
70.950000 -2.065821 0.445706 -0.409022
71.000000 -2.035789 0.753327 -0.409054
71.050000 -1.990489 1.055297 -0.409101
71.100000 -1.930259 1.349353 -0.409161
71.150000 -1.855553 1.633289 -0.409233
71.200000 -1.766930 1.904976 -0.409315
71.250000 -1.665056 2.162375 -0.409405
71.300000 -1.550693 2.403556 -0.409499
71.350000 -1.424700 2.626710 -0.409595
71.400000 -1.288022 2.830164 -0.409689
71.450000 -1.141684 3.012392 -0.409780
71.500000 -0.986783 3.172027 -0.409865
71.550000 -0.824481 3.307872 -0.409940
71.600000 -0.655995 3.418908 -0.410004
71.650000 -0.482590 3.504302 -0.410054
71.700000 -0.305565 3.563413 -0.410090
71.750000 -0.126249 3.595799 -0.410110
71.800000 0.054015 3.601217 -0.410113
71.850000 0.233873 3.579625 -0.410100
71.900000 0.411977 3.531187 -0.410070
71.950000 0.586992 3.456264 -0.410026
72.000000 0.757604 3.355419 -0.409967
72.050000 0.922534 3.229409 -0.409896
72.100000 1.080544 3.079178 -0.409815
72.150000 1.230451 2.905854 -0.409727
72.200000 1.371130 2.710735 -0.409633
72.250000 1.501525 2.495286 -0.409537
72.300000 1.620658 2.261122 -0.409442
72.350000 1.727637 2.010000 -0.409350
72.400000 1.821658 1.743803 -0.409265
72.450000 1.902017 1.464527 -0.409189
72.500000 1.968111 1.174267 -0.409123
72.550000 2.019444 0.875201 -0.409071
72.600000 2.055631 0.569570 -0.409033
72.650000 2.076401 0.259668 -0.409011
72.700000 2.081598 -0.052182 -0.409006
72.750000 2.071183 -0.363641 -0.409017
72.800000 2.045234 -0.672372 -0.409044
72.850000 2.003946 -0.976060 -0.409087
72.900000 1.947628 -1.272429 -0.409144
72.950000 1.876703 -1.559253 -0.409213
73.000000 1.791703 -1.834384 -0.409293
73.050000 1.693264 -2.095756 -0.409381
73.100000 1.582127 -2.341411 -0.409474
73.150000 1.459123 -2.569504 -0.409569
73.200000 1.325176 -2.778327 -0.409665
73.250000 1.181291 -2.966312 -0.409757
73.300000 1.028545 -3.132050 -0.409843
73.350000 0.868086 -3.274297 -0.409921
73.400000 0.701116 -3.391987 -0.409988
73.450000 0.528887 -3.484237 -0.410042
73.500000 0.352692 -3.550356 -0.410082
73.550000 0.173851 -3.589846 -0.410106
73.600000 -0.006293 -3.602413 -0.410114
73.650000 -0.186390 -3.587962 -0.410105
73.700000 -0.365089 -3.546601 -0.410080
73.750000 -0.541050 -3.478641 -0.410039
73.800000 -0.712953 -3.384591 -0.409984
73.850000 -0.879509 -3.265156 -0.409916
73.900000 -1.039469 -3.121233 -0.409837
73.950000 -1.191632 -2.953900 -0.409751
74.000000 -1.334859 -2.764413 -0.409658
74.050000 -1.468074 -2.554193 -0.409563
74.100000 -1.590278 -2.324817 -0.409467
74.150000 -1.700555 -2.078004 -0.409374
74.200000 -1.798078 -1.815607 -0.409287
74.250000 -1.882116 -1.539592 -0.409208
74.300000 -1.952038 -1.252031 -0.409139
74.350000 -2.007319 -0.955079 -0.409083
74.400000 -2.047546 -0.650964 -0.409042
74.450000 -2.072415 -0.341967 -0.409016
74.500000 -2.081742 -0.030405 -0.409006
74.550000 -2.075456 0.281385 -0.409012
74.600000 -2.053604 0.591064 -0.409035
74.650000 -2.016350 0.896311 -0.409074
74.700000 -1.963973 1.194835 -0.409127
74.750000 -1.896866 1.484398 -0.409194
74.800000 -1.815533 1.762828 -0.409271
74.850000 -1.720583 2.028036 -0.409357
74.900000 -1.612729 2.278035 -0.409449
74.950000 -1.492780 2.510948 -0.409544
75.000000 -1.361635 2.725029 -0.409640
75.050000 -1.220277 2.918672 -0.409733
75.100000 -1.069767 3.090426 -0.409821
75.150000 -0.911234 3.239001 -0.409901
75.200000 -0.745867 3.363283 -0.409971
75.250000 -0.574906 3.462341 -0.410029
75.300000 -0.399633 3.535432 -0.410073
75.350000 -0.221363 3.582007 -0.410101
75.400000 -0.041432 3.601716 -0.410113
75.450000 0.138809 3.594413 -0.410109
75.500000 0.318009 3.560152 -0.410088
75.550000 0.494824 3.499189 -0.410051
75.600000 0.667928 3.411983 -0.410000
75.650000 0.836022 3.299187 -0.409935
75.700000 0.997846 3.161646 -0.409859
75.750000 1.152187 3.000394 -0.409774
75.800000 1.297886 2.816638 -0.409683
75.850000 1.433851 2.611758 -0.409588
75.900000 1.559062 2.387290 -0.409492
75.950000 1.672580 2.144917 -0.409398
76.000000 1.773553 1.886457 -0.409309
76.050000 1.861225 1.613848 -0.409228
76.100000 1.934938 1.329136 -0.409156
76.150000 1.994139 1.034455 -0.409097
76.200000 2.038384 0.732016 -0.409051
76.250000 2.067341 0.424087 -0.409021
76.300000 2.080792 0.112977 -0.409007
76.350000 2.078638 -0.198981 -0.409009
76.400000 2.060894 -0.509445 -0.409028
76.450000 2.027694 -0.816090 -0.409062
76.500000 1.979285 -1.116613 -0.409112
76.550000 1.916032 -1.408762 -0.409175
76.600000 1.838409 -1.690345 -0.409249
76.650000 1.746998 -1.959250 -0.409333
76.700000 1.642484 -2.213462 -0.409424
76.750000 1.525652 -2.451072 -0.409519
76.800000 1.397377 -2.670299 -0.409614
76.850000 1.258622 -2.869499 -0.409709
76.900000 1.110427 -3.047178 -0.409798
76.950000 0.953904 -3.202002 -0.409881
77.000000 0.790227 -3.332812 -0.409954
77.050000 0.620623 -3.438626 -0.410015
77.100000 0.446364 -3.518650 -0.410063
77.150000 0.268758 -3.572284 -0.410095
77.200000 0.089136 -3.599126 -0.410112
77.250000 -0.091155 -3.598975 -0.410112
77.300000 -0.270762 -3.571831 -0.410095
77.350000 -0.448338 -3.517899 -0.410062
77.400000 -0.622552 -3.437582 -0.410015
77.450000 -0.792096 -3.331483 -0.409953
77.500000 -0.955700 -3.200399 -0.409880
77.550000 -1.112136 -3.045311 -0.409797
77.600000 -1.260231 -2.867383 -0.409708
77.650000 -1.398874 -2.667951 -0.409613
77.700000 -1.527026 -2.448508 -0.409517
77.750000 -1.643725 -2.210702 -0.409423
77.800000 -1.748096 -1.956315 -0.409332
77.850000 -1.839357 -1.687256 -0.409249
77.900000 -1.916822 -1.405543 -0.409174
77.950000 -1.979911 -1.113288 -0.409111
78.000000 -2.028151 -0.812683 -0.409062
78.050000 -2.061179 -0.505983 -0.409027
78.100000 -2.078749 -0.195489 -0.409009
78.150000 -2.080728 0.116472 -0.409007
78.200000 -2.067102 0.427559 -0.409021
78.250000 -2.037972 0.735440 -0.409052
78.300000 -1.993558 1.037804 -0.409097
78.350000 -1.934192 1.332386 -0.409157
78.400000 -1.860319 1.616974 -0.409229
78.450000 -1.772494 1.889435 -0.409310
78.500000 -1.671376 2.147725 -0.409399
78.550000 -1.557722 2.389907 -0.409493
78.600000 -1.432385 2.614165 -0.409589
78.650000 -1.296305 2.818817 -0.409684
78.700000 -1.150503 3.002328 -0.409775
78.750000 -0.996072 3.163321 -0.409860
78.800000 -0.834171 3.300589 -0.409936
78.850000 -0.666014 3.413103 -0.410000
78.900000 -0.492861 3.500019 -0.410052
78.950000 -0.316012 3.560684 -0.410088
79.000000 -0.136792 3.594644 -0.410109
79.050000 0.043453 3.601645 -0.410113
79.100000 0.223372 3.581633 -0.410101
79.150000 0.401616 3.534759 -0.410072
79.200000 0.576848 3.461374 -0.410029
79.250000 0.747754 3.362029 -0.409971
79.300000 0.913051 3.237469 -0.409900
79.350000 1.071500 3.088627 -0.409820
79.400000 1.221914 2.916621 -0.409732
79.450000 1.363163 2.722741 -0.409639
79.500000 1.494188 2.508439 -0.409543
79.550000 1.614006 2.275325 -0.409448
79.600000 1.721720 2.025145 -0.409356
79.650000 1.816521 1.759777 -0.409270
79.700000 1.897698 1.481211 -0.409193
79.750000 1.964642 1.191535 -0.409127
79.800000 2.016851 0.892923 -0.409074
79.850000 2.053934 0.587614 -0.409035
79.900000 2.075613 0.277898 -0.409012
79.950000 2.081724 -0.033902 -0.409006
80.000000 2.072223 -0.345448 -0.409016
80.050000 2.047179 -0.654403 -0.409042
80.100000 2.006782 -0.958450 -0.409084
80.150000 1.951334 -1.255309 -0.409140
80.200000 1.881251 -1.542753 -0.409209
80.250000 1.797059 -1.818626 -0.409288
80.300000 1.699389 -2.080860 -0.409375
80.350000 1.588973 -2.327487 -0.409468
80.400000 1.466640 -2.556658 -0.409564
80.450000 1.333307 -2.766654 -0.409659
80.500000 1.189975 -2.955900 -0.409752
80.550000 1.037717 -3.122977 -0.409838
80.600000 0.877677 -3.266632 -0.409917
80.650000 0.711054 -3.385787 -0.409984
80.700000 0.539098 -3.479548 -0.410039
80.750000 0.363099 -3.547213 -0.410080
80.800000 0.184377 -3.588273 -0.410105
80.850000 0.004272 -3.602422 -0.410114
80.900000 -0.175865 -3.589553 -0.410106
80.950000 -0.354683 -3.549762 -0.410081
81.000000 -0.530841 -3.483347 -0.410042
81.050000 -0.703018 -3.390808 -0.409987
81.100000 -0.869922 -3.272837 -0.409920
81.150000 -1.030302 -3.130320 -0.409842
81.200000 -1.182954 -2.964326 -0.409756
81.250000 -1.326734 -2.776100 -0.409664
81.300000 -1.460564 -2.567052 -0.409568
81.350000 -1.583440 -2.338752 -0.409473
81.400000 -1.694439 -2.092911 -0.409380
81.450000 -1.792731 -1.831373 -0.409292
81.500000 -1.877577 -1.556100 -0.409212
81.550000 -1.948341 -1.269156 -0.409143
81.600000 -2.004492 -0.972694 -0.409086
81.650000 -2.045610 -0.668936 -0.409044
81.700000 -2.071386 -0.360162 -0.409017
81.750000 -2.081626 -0.048686 -0.409006
81.800000 -2.076254 0.263155 -0.409011
81.850000 -2.055311 0.573023 -0.409034
81.900000 -2.018952 0.878593 -0.409071
81.950000 -1.967451 1.177573 -0.409124
82.000000 -1.901195 1.467721 -0.409189
82.050000 -1.820679 1.746862 -0.409266
82.100000 -1.726509 2.012901 -0.409351
82.150000 -1.619389 2.263843 -0.409443
82.200000 -1.500124 2.497807 -0.409538
82.250000 -1.369609 2.713037 -0.409634
82.300000 -1.228821 2.907919 -0.409728
82.350000 -1.078817 3.080992 -0.409816
82.400000 -0.920722 3.230957 -0.409897
82.450000 -0.755721 3.356690 -0.409968
82.500000 -0.585052 3.457248 -0.410026
82.550000 -0.409996 3.531877 -0.410071
82.600000 -0.231865 3.580017 -0.410100
82.650000 -0.051994 3.601306 -0.410113
82.700000 0.128266 3.595586 -0.410109
82.750000 0.307564 3.562898 -0.410089
82.800000 0.484556 3.503489 -0.410054
82.850000 0.657913 3.417804 -0.410003
82.900000 0.826336 3.306486 -0.409939
82.950000 0.988562 3.170368 -0.409864
83.000000 1.143373 3.010473 -0.409779
83.050000 1.289609 2.828000 -0.409688
83.100000 1.426173 2.624316 -0.409594
83.150000 1.552041 2.400950 -0.409498
83.200000 1.666268 2.159577 -0.409404
83.250000 1.767998 1.902007 -0.409314
83.300000 1.856469 1.630172 -0.409232
83.350000 1.931015 1.346111 -0.409160
83.400000 1.991080 1.051953 -0.409100
83.450000 2.036211 0.749907 -0.409054
83.500000 2.066070 0.442236 -0.409022
83.550000 2.080434 0.131248 -0.409007
83.600000 2.079195 -0.180724 -0.409008
83.650000 2.062362 -0.491341 -0.409026
83.700000 2.030061 -0.798273 -0.409060
83.750000 1.982535 -1.099218 -0.409109
83.800000 1.920139 -1.391918 -0.409171
83.850000 1.843343 -1.674179 -0.409245
83.900000 1.752721 -1.943884 -0.409328
83.950000 1.648954 -2.199010 -0.409418
84.000000 1.532820 -2.437643 -0.409513
84.050000 1.405190 -2.657994 -0.409609
84.100000 1.267021 -2.858409 -0.409703
84.150000 1.119349 -3.037387 -0.409793
84.200000 0.963282 -3.193584 -0.409876
84.250000 0.799991 -3.325830 -0.409950
84.300000 0.630699 -3.433132 -0.410012
84.350000 0.456677 -3.514685 -0.410060
84.400000 0.279231 -3.569878 -0.410094
84.450000 0.099690 -3.598297 -0.410111
84.500000 -0.080599 -3.599729 -0.410112
84.550000 -0.260283 -3.574163 -0.410096
84.600000 -0.438015 -3.521790 -0.410065
84.650000 -0.612462 -3.443004 -0.410018
84.700000 -0.782316 -3.338396 -0.409957
84.750000 -0.946302 -3.208750 -0.409885
84.800000 -1.103191 -3.055038 -0.409802
84.850000 -1.251806 -2.878413 -0.409713
84.900000 -1.391032 -2.680200 -0.409619
84.950000 -1.519826 -2.461886 -0.409523
85.000000 -1.637221 -2.225108 -0.409428
85.050000 -1.742336 -1.971641 -0.409337
85.100000 -1.834385 -1.703387 -0.409253
85.150000 -1.912675 -1.422357 -0.409178
85.200000 -1.976620 -1.130660 -0.409115
85.250000 -2.025741 -0.830483 -0.409064
85.300000 -2.059669 -0.524077 -0.409029
85.350000 -2.078149 -0.213741 -0.409009
85.400000 -2.081043 0.098199 -0.409006
85.450000 -2.068329 0.409401 -0.409020
85.500000 -2.040103 0.717534 -0.409049
85.550000 -1.996576 1.020285 -0.409094
85.600000 -1.938074 1.315383 -0.409153
85.650000 -1.865037 1.600617 -0.409224
85.700000 -1.778013 1.873845 -0.409305
85.750000 -1.677653 2.133020 -0.409394
85.800000 -1.564710 2.376198 -0.409488
85.850000 -1.440033 2.601553 -0.409583
85.900000 -1.304555 2.807397 -0.409679
85.950000 -1.159293 2.992186 -0.409770
86.000000 -1.005337 3.154533 -0.409855
86.050000 -0.843840 3.293222 -0.409932
86.100000 -0.676014 3.407211 -0.409997
86.150000 -0.503119 3.495646 -0.410049
86.200000 -0.326450 3.557863 -0.410086
86.250000 -0.147332 3.593397 -0.410108
86.300000 0.032890 3.601980 -0.410113
86.350000 0.212866 3.583548 -0.410102
86.400000 0.391245 3.538240 -0.410074
86.450000 0.566690 3.466395 -0.410032
86.500000 0.737884 3.368552 -0.409974
86.550000 0.903545 3.245445 -0.409905
86.600000 1.062429 3.097997 -0.409825
86.650000 1.213344 2.927314 -0.409737
86.700000 1.355160 2.734676 -0.409644
86.750000 1.486812 2.521528 -0.409548
86.800000 1.607313 2.289469 -0.409453
86.850000 1.715759 2.040238 -0.409361
86.900000 1.811337 1.775706 -0.409275
86.950000 1.893330 1.497856 -0.409197
87.000000 1.961122 1.208772 -0.409130
87.050000 2.014207 0.910623 -0.409076
87.100000 2.052185 0.605643 -0.409037
87.150000 2.074771 0.296122 -0.409013
87.200000 2.081797 -0.015621 -0.409006
87.250000 2.073209 -0.327246 -0.409015
87.300000 2.049072 -0.636418 -0.409040
87.350000 2.009567 -0.940815 -0.409081
87.400000 1.954991 -1.238157 -0.409136
87.450000 1.885752 -1.526213 -0.409204
87.500000 1.802369 -1.802822 -0.409283
87.550000 1.705469 -2.065910 -0.409370
87.600000 1.595778 -2.313504 -0.409463
87.650000 1.474119 -2.543746 -0.409558
87.700000 1.341404 -2.754910 -0.409654
87.750000 1.198628 -2.945412 -0.409746
87.800000 1.046863 -3.113824 -0.409833
87.850000 0.887246 -3.258882 -0.409912
87.900000 0.720974 -3.379499 -0.409981
87.950000 0.549296 -3.474769 -0.410036
88.000000 0.373497 -3.543979 -0.410078
88.050000 0.194898 -3.586608 -0.410104
88.100000 0.014837 -3.602338 -0.410114
88.150000 -0.165336 -3.591051 -0.410107
88.200000 -0.344269 -3.552830 -0.410083
88.250000 -0.520619 -3.487964 -0.410044
88.300000 -0.693065 -3.396938 -0.409991
88.350000 -0.860313 -3.280434 -0.409924
88.400000 -1.021108 -3.139328 -0.409847
88.450000 -1.174246 -2.974676 -0.409761
88.500000 -1.318576 -2.787715 -0.409669
88.550000 -1.453017 -2.579845 -0.409574
88.600000 -1.576560 -2.352627 -0.409478
88.650000 -1.688280 -2.107764 -0.409385
88.700000 -1.787337 -1.847092 -0.409297
88.750000 -1.872989 -1.572568 -0.409217
88.800000 -1.944594 -1.286249 -0.409147
88.850000 -2.001614 -0.990284 -0.409089
88.900000 -2.043622 -0.686891 -0.409046
88.950000 -2.070303 -0.378347 -0.409018
89.000000 -2.081457 -0.066965 -0.409006
89.050000 -2.076999 0.244919 -0.409011
89.100000 -2.056965 0.554967 -0.409032
89.150000 -2.021503 0.860852 -0.409069
89.200000 -1.970880 1.160281 -0.409120
89.250000 -1.905475 1.451007 -0.409185
89.300000 -1.825779 1.730851 -0.409261
89.350000 -1.732390 1.997714 -0.409346
89.400000 -1.626007 2.249594 -0.409438
89.450000 -1.507430 2.484601 -0.409533
89.500000 -1.377547 2.700975 -0.409628
89.550000 -1.237333 2.897091 -0.409722
89.600000 -1.087838 3.071479 -0.409811
89.650000 -0.930185 3.222830 -0.409892
89.700000 -0.765555 3.350011 -0.409964
89.750000 -0.595184 3.452066 -0.410023
89.800000 -0.420349 3.528231 -0.410068
89.850000 -0.242361 3.577934 -0.410099
89.900000 -0.062555 3.600803 -0.410113
89.950000 0.117720 3.596666 -0.410110
90.000000 0.297111 3.565553 -0.410091
90.050000 0.474275 3.507699 -0.410056
90.100000 0.647881 3.423538 -0.410006
90.150000 0.816629 3.313699 -0.409943
90.200000 0.979251 3.179008 -0.409868
90.250000 1.134529 3.020475 -0.409785
90.300000 1.281299 2.839288 -0.409694
90.350000 1.418458 2.636806 -0.409599
90.400000 1.544979 2.414548 -0.409503
90.450000 1.659913 2.174181 -0.409409
90.500000 1.762397 1.917508 -0.409319
90.550000 1.851664 1.646453 -0.409237
90.600000 1.927043 1.363050 -0.409164
90.650000 1.987969 1.069424 -0.409103
90.700000 2.033985 0.767778 -0.409056
90.750000 2.064747 0.460373 -0.409024
90.800000 2.080023 0.149515 -0.409007
90.850000 2.079698 -0.162464 -0.409008
90.900000 2.063776 -0.473224 -0.409025
90.950000 2.032376 -0.780436 -0.409058
91.000000 1.985733 -1.081794 -0.409105
91.050000 1.924196 -1.375039 -0.409167
91.100000 1.848229 -1.657970 -0.409240
91.150000 1.758399 -1.928468 -0.409323
91.200000 1.655382 -2.184501 -0.409413
91.250000 1.539949 -2.424151 -0.409507
91.300000 1.412967 -2.645620 -0.409603
91.350000 1.275387 -2.847246 -0.409698
91.400000 1.128242 -3.027518 -0.409788
91.450000 0.972635 -3.185084 -0.409872
91.500000 0.809734 -3.318762 -0.409946
91.550000 0.640759 -3.427549 -0.410009
91.600000 0.466979 -3.510629 -0.410058
91.650000 0.289696 -3.567380 -0.410092
91.700000 0.110241 -3.597375 -0.410111
91.750000 -0.070041 -3.600390 -0.410112
91.800000 -0.249798 -3.576402 -0.410098
91.850000 -0.427681 -3.525591 -0.410067
91.900000 -0.602357 -3.448338 -0.410021
91.950000 -0.772515 -3.345223 -0.409961
92.000000 -0.936880 -3.217018 -0.409889
92.050000 -1.094217 -3.064686 -0.409808
92.100000 -1.243348 -2.889369 -0.409718
92.150000 -1.383154 -2.692381 -0.409624
92.200000 -1.512586 -2.475201 -0.409529
92.250000 -1.630674 -2.239456 -0.409434
92.300000 -1.736532 -1.986916 -0.409343
92.350000 -1.829366 -1.719473 -0.409258
92.400000 -1.908479 -1.439135 -0.409182
92.450000 -1.973279 -1.148003 -0.409118
92.500000 -2.023279 -0.848261 -0.409067
92.550000 -2.058105 -0.542157 -0.409031
92.600000 -2.077495 -0.231987 -0.409010
92.650000 -2.081304 0.079923 -0.409006
92.700000 -2.069503 0.391233 -0.409019
92.750000 -2.042181 0.699609 -0.409047
92.800000 -1.999542 1.002739 -0.409091
92.850000 -1.941907 1.298347 -0.409149
92.900000 -1.869707 1.584218 -0.409220
92.950000 -1.783485 1.858208 -0.409300
93.000000 -1.683887 2.118261 -0.409389
93.050000 -1.571659 2.362427 -0.409482
93.100000 -1.447644 2.588874 -0.409578
93.150000 -1.312771 2.795905 -0.409673
93.200000 -1.168053 2.981967 -0.409765
93.250000 -1.014575 3.145664 -0.409850
93.300000 -0.853487 3.285769 -0.409927
93.350000 -0.685998 3.401230 -0.409993
93.400000 -0.513364 3.491182 -0.410046
93.450000 -0.336880 3.554951 -0.410085
93.500000 -0.157869 3.592057 -0.410107
93.550000 0.022326 3.602223 -0.410114
93.600000 0.202353 3.585372 -0.410103
93.650000 0.380863 3.541630 -0.410077
93.700000 0.556517 3.471327 -0.410034
93.750000 0.727996 3.374988 -0.409978
93.800000 0.894015 3.253338 -0.409909
93.850000 1.053330 3.107287 -0.409830
93.900000 1.204744 2.937931 -0.409743
93.950000 1.347123 2.746541 -0.409650
94.000000 1.479398 2.534552 -0.409554
94.050000 1.600578 2.303554 -0.409459
94.100000 1.709754 2.055279 -0.409366
94.150000 1.806106 1.791590 -0.409280
94.200000 1.888912 1.514463 -0.409201
94.250000 1.957552 1.225978 -0.409134
94.300000 2.011510 0.928299 -0.409079
94.350000 2.050382 0.623657 -0.409039
94.400000 2.073876 0.314337 -0.409014
94.450000 2.081816 0.002660 -0.409006
94.500000 2.074142 -0.309036 -0.409014
94.550000 2.050912 -0.618415 -0.409038
94.600000 2.012300 -0.923156 -0.409078
94.650000 1.958597 -1.220974 -0.409133
94.700000 1.890203 -1.509634 -0.409200
94.750000 1.807633 -1.786971 -0.409278
94.800000 1.711506 -2.050907 -0.409365
94.850000 1.602543 -2.299460 -0.409457
94.900000 1.481560 -2.530768 -0.409552
94.950000 1.349466 -2.743095 -0.409648
95.000000 1.207250 -2.934849 -0.409741
95.050000 1.055981 -3.104591 -0.409829
95.100000 0.896791 -3.251049 -0.409908
95.150000 0.730876 -3.373124 -0.409977
95.200000 0.559479 -3.469901 -0.410034
95.250000 0.383886 -3.540653 -0.410076
95.300000 0.205414 -3.584850 -0.410103
95.350000 0.025401 -3.602162 -0.410113
95.400000 -0.154803 -3.592456 -0.410108
95.450000 -0.333845 -3.555808 -0.410085
95.500000 -0.510383 -3.492491 -0.410047
95.550000 -0.683094 -3.402980 -0.409994
95.600000 -0.850681 -3.287947 -0.409929
95.650000 -1.011889 -3.148254 -0.409852
95.700000 -1.165507 -2.984949 -0.409766
95.750000 -1.310384 -2.799258 -0.409675
95.800000 -1.445433 -2.592571 -0.409579
95.850000 -1.569641 -2.366441 -0.409484
95.900000 -1.682077 -2.122562 -0.409390
95.950000 -1.781897 -1.862764 -0.409302
96.000000 -1.868353 -1.588995 -0.409221
96.050000 -1.940796 -1.303309 -0.409151
96.100000 -1.998684 -1.007848 -0.409092
96.150000 -2.041581 -0.704828 -0.409048
96.200000 -2.069167 -0.396522 -0.409019
96.250000 -2.081234 -0.085242 -0.409006
96.300000 -2.077691 0.226677 -0.409010
96.350000 -2.058566 0.536896 -0.409030
96.400000 -2.024001 0.843089 -0.409066
96.450000 -1.974257 1.142958 -0.409117
96.500000 -1.909706 1.434256 -0.409181
96.550000 -1.830831 1.714796 -0.409257
96.600000 -1.738226 1.982475 -0.409341
96.650000 -1.632584 2.235286 -0.409432
96.700000 -1.514697 2.471332 -0.409527
96.750000 -1.385451 2.688843 -0.409623
96.800000 -1.245813 2.886188 -0.409717
96.850000 -1.096832 3.061886 -0.409806
96.900000 -0.939624 3.214620 -0.409888
96.950000 -0.775370 3.343245 -0.409960
97.000000 -0.605300 3.446795 -0.410020
97.050000 -0.430690 3.524494 -0.410066
97.100000 -0.252850 3.575760 -0.410097
97.150000 -0.073114 3.600207 -0.410112
97.200000 0.107170 3.597653 -0.410111
97.250000 0.286651 3.568117 -0.410093
97.300000 0.463982 3.511819 -0.410059
97.350000 0.637833 3.429183 -0.410010
97.400000 0.806900 3.320828 -0.409947
97.450000 0.969916 3.187567 -0.409873
97.500000 1.125657 3.030399 -0.409790
97.550000 1.272956 2.850503 -0.409699
97.600000 1.410707 2.649228 -0.409605
97.650000 1.537878 2.428084 -0.409509
97.700000 1.653516 2.188730 -0.409415
97.750000 1.756751 1.932960 -0.409325
97.800000 1.846812 1.662693 -0.409242
97.850000 1.923021 1.379955 -0.409168
97.900000 1.984807 1.086868 -0.409106
97.950000 2.031707 0.785629 -0.409058
98.000000 2.063370 0.478499 -0.409025
98.050000 2.079557 0.167779 -0.409008
98.100000 2.080148 -0.144199 -0.409007
98.150000 2.065137 -0.455095 -0.409023
98.200000 2.034638 -0.762578 -0.409055
98.250000 1.988880 -1.064342 -0.409102
98.300000 1.928204 -1.358124 -0.409163
98.350000 1.853067 -1.641719 -0.409236
98.400000 1.764032 -1.913001 -0.409318
98.450000 1.661767 -2.169936 -0.409408
98.500000 1.547039 -2.410597 -0.409502
98.550000 1.420707 -2.633178 -0.409598
98.600000 1.283721 -2.836010 -0.409692
98.650000 1.137106 -3.017572 -0.409783
98.700000 0.981964 -3.176502 -0.409867
98.750000 0.819456 -3.311609 -0.409942
98.800000 0.650803 -3.421878 -0.410005
98.850000 0.477268 -3.506483 -0.410055
98.900000 0.300154 -3.564790 -0.410091
98.950000 0.120789 -3.596361 -0.410110
99.000000 -0.059482 -3.600959 -0.410113
99.050000 -0.239306 -3.578550 -0.410099
99.100000 -0.417337 -3.529302 -0.410069
99.150000 -0.592237 -3.453584 -0.410024
99.200000 -0.762695 -3.351964 -0.409965
99.250000 -0.927433 -3.225204 -0.409894
99.300000 -1.085215 -3.074256 -0.409813
99.350000 -1.234859 -2.900250 -0.409724
99.400000 -1.375240 -2.704493 -0.409630
99.450000 -1.505308 -2.488451 -0.409534
99.500000 -1.624086 -2.253747 -0.409439
99.550000 -1.730683 -2.002139 -0.409348
99.600000 -1.824299 -1.735516 -0.409263
99.650000 -1.904234 -1.455876 -0.409187
99.700000 -1.969887 -1.165317 -0.409121
99.750000 -2.020766 -0.866018 -0.409070
99.800000 -2.056489 -0.560224 -0.409032
99.850000 -2.076788 -0.250228 -0.409011
99.900000 -2.081512 0.061645 -0.409006
99.950000 -2.070624 0.373055 -0.409017
100.000000 -2.044206 0.681667 -0.409045
