1 1.71828 1.71828
0.9 1.62178 1.62178
0.81 1.54063 1.54063
0.729 1.47189 1.47189
0.6561 1.41329 1.41329
0.59049 1.36306 1.36306
0.531441 1.31977 1.31977
0.478297 1.28231 1.28231
0.430467 1.24975 1.24975
0.38742 1.22135 1.22135
0.348678 1.1965 1.1965
0.313811 1.17469 1.17469
0.28243 1.1555 1.1555
0.254187 1.13858 1.13858
0.228768 1.12363 1.12363
0.205891 1.11039 1.11039
0.185302 1.09865 1.09865
0.166772 1.08822 1.08822
0.150095 1.07895 1.07895
0.135085 1.07069 1.07069
0.121577 1.06333 1.06333
0.109419 1.05676 1.05676
0.0984771 1.0509 1.0509
0.0886294 1.04565 1.04565
0.0797664 1.04096 1.04097
0.0717898 1.03677 1.03677
0.0646108 1.03301 1.03301
0.0581497 1.02965 1.02965
0.0523348 1.02663 1.02663
0.0471013 1.02392 1.02392
0.0423912 1.0215 1.0215
0.038152 1.01932 1.01932
0.0343368 1.01737 1.01737
0.0309032 1.01561 1.01561
0.0278128 1.01404 1.01404
0.0250316 1.01262 1.01262
0.0225284 1.01135 1.01135
0.0202756 1.01021 1.01021
0.018248 1.00918 1.00918
0.0164232 1.00825 1.00826
0.0147809 1.00743 1.00743
0.0133028 1.00668 1.00668
0.0119725 1.00601 1.00601
0.0107753 1.0054 1.00541
0.00969774 1.00486 1.00486
0.00872796 1.00438 1.00438
0.00785517 1.00393 1.00394
0.00706965 1.00355 1.00354
0.00636269 1.00318 1.00319
0.00572642 1.00286 1.00287
0.00515378 1.00259 1.00258
0.0046384 1.00232 1.00232
0.00417456 1.00209 1.00209
0.0037571 1.00188 1.00188
0.00338139 1.00169 1.00169
0.00304325 1.00154 1.00152
0.00273893 1.00136 1.00137
0.00246503 1.00125 1.00123
0.00221853 1.00111 1.00111
0.00199668 1.00099 1.001
0.00179701 1.0009 1.0009
0.00161731 1.00081 1.00081
0.00145558 1.00071 1.00073
0.00131002 1.00061 1.00066
0.00117902 1.00057 1.00059
0.00106112 1.00053 1.00053
0.000955005 1.00048 1.00048
0.000859504 1.00041 1.00043
0.000773554 1.00046 1.00039
0.000696199 1.00032 1.00035
0.000626579 1.00036 1.00031
0.000563921 1.00031 1.00028
0.000507529 1.00036 1.00025
0.000456776 1.00034 1.00023
0.000411098 1.00013 1.00021
0.000369988 1.0001 1.00019
0.00033299 1.00024 1.00017
0.000299691 1 1.00015
0.000269722 1.00018 1.00013
0.000242749 1.00033 1.00012
0.000218475 1.00017 1.00011
0.000196627 1.00035 1.0001
0.000176964 1.00035 1.00009
0.000159268 0.999973 1.00008
0.000143341 1.00047 1.00007
0.000129007 0.999825 1.00006
0.000116106 1.00003 1.00006
0.000104496 1.00049 1.00005
9.40461e-05 1.00011 1.00005
8.46415e-05 0.999966 1.00004
7.61773e-05 0.999966 1.00004
6.85596e-05 0.999792 1.00003
6.17037e-05 1.00076 1.00003
5.55333e-05 1.00033 1.00003
4.998e-05 0.999374 1.00002
4.4982e-05 0.999109 1.00002
4.04838e-05 1.00117 1.00002
3.64354e-05 1.00117 1.00002
3.27919e-05 0.999717 1.00002
2.95127e-05 1.00174 1.00001
2.65614e-05 1.00084 1.00001
2.39053e-05 1.00233 1.00001
2.15147e-05 0.997348 1.00001
1.93633e-05 0.997348 1.00001
1.74269e-05 0.998716 1.00001
1.56842e-05 1.00328 1.00001
1.41158e-05 0.99652 1.00001
1.27042e-05 1.00403 1.00001
1.14338e-05 1.0009 1.00001
1.02904e-05 0.996265 1.00001
9.26139e-06 1.00399 1
8.33525e-06 1.00113 1
7.50172e-06 1.00113 1
6.75155e-06 1.00642 1
6.0764e-06 1.00054 1
5.46876e-06 1.00272 1
4.92188e-06 0.993031 1
4.42969e-06 0.995722 1
3.98672e-06 0.986752 1
3.58805e-06 0.996719 1
3.22925e-06 0.996719 1
2.90632e-06 0.984414 1
2.61569e-06 1.00264 1
2.35412e-06 1.01277 1
2.11871e-06 1.01277 1
1.90684e-06 1.00027 1
1.71615e-06 0.972483 1
1.54454e-06 1.00336 1
1.39008e-06 1.02908 1
1.25108e-06 0.952854 1
1.12597e-06 0.952854 1
1.01337e-06 1.05873 1
9.12034e-07 1.04566 1
8.20831e-07 1.01661 1
7.38748e-07 0.9682 1
6.64873e-07 1.07578 1
5.98386e-07 0.996091 1
5.38547e-07 1.10677 1
4.84693e-07 0.983793 1
4.36223e-07 1.0931 1
3.92601e-07 0.91092 1
3.53341e-07 1.01213 1
3.18007e-07 1.12459 1
2.86206e-07 0.833031 1
2.57585e-07 0.92559 1
2.31827e-07 1.02843 1
2.08644e-07 1.1427 1
1.8778e-07 1.26967 1
1.69002e-07 0.705373 1
1.52102e-07 0.783748 1
1.36891e-07 0.870831 1
1.23202e-07 0.96759 1
1.10882e-07 1.0751 1
9.97939e-08 1.19456 1
8.98145e-08 1.32728 1
8.0833e-08 1.47476 1
7.27497e-08 1.63862 1
6.54748e-08 1.82069 1
5.89273e-08 0 1
5.30346e-08 0 1
4.77311e-08 0 1
4.2958e-08 0 1
3.86622e-08 0 1
3.4796e-08 0 1
3.13164e-08 0 1
2.81847e-08 0 1
2.53663e-08 0 1
2.28296e-08 0 1
2.05467e-08 0 1
1.8492e-08 0 1
1.66428e-08 0 1
1.49785e-08 0 1
1.34807e-08 0 1
1.21326e-08 0 1
1.09193e-08 0 1
9.82741e-09 0 1
8.84467e-09 0 1
7.9602e-09 0 1
7.16418e-09 0 1
6.44776e-09 0 1
5.80299e-09 0 1
5.22269e-09 0 1
4.70042e-09 0 1
4.23038e-09 0 1
3.80734e-09 0 1
3.42661e-09 0 1
3.08395e-09 0 1
2.77555e-09 0 1
2.498e-09 0 1
2.2482e-09 0 1
2.02338e-09 0 1
1.82104e-09 0 1
1.63894e-09 0 1
1.47504e-09 0 1
1.32754e-09 0 1
1.19478e-09 0 1
1.07531e-09 0 1
9.67775e-10 0 1
8.70997e-10 0 1
7.83898e-10 0 1
7.05508e-10 0 1
6.34957e-10 0 1
5.71461e-10 0 1
5.14315e-10 0 1
4.62884e-10 0 1
4.16595e-10 0 1
3.74936e-10 0 1
3.37442e-10 0 1
3.03698e-10 0 1
2.73328e-10 0 1
2.45995e-10 0 1
2.21396e-10 0 1
1.99256e-10 0 0.999999
1.79331e-10 0 0.999999
1.61398e-10 0 1
1.45258e-10 0 1
1.30732e-10 0 1
1.17659e-10 0 0.999999
1.05893e-10 0 0.999999
9.53037e-11 0 1
8.57733e-11 0 1
7.7196e-11 0 1
6.94764e-11 0 1
6.25287e-11 0 0.999999
5.62759e-11 0 1
5.06483e-11 0 1
4.55834e-11 0 1
4.10251e-11 0 1
3.69226e-11 0 1
3.32303e-11 0 0.999999
2.99073e-11 0 0.999996
2.69166e-11 0 0.999996
2.42249e-11 0 0.999997
2.18024e-11 0 0.999996
1.96222e-11 0 0.999995
1.766e-11 0 0.999995
1.5894e-11 0 0.999999
1.43046e-11 0 0.999999
1.28741e-11 0 1
1.15867e-11 0 1
1.0428e-11 0 1.00001
9.38523e-12 0 0.999993
8.4467e-12 0 1.00001
7.60203e-12 0 1.00001
6.84183e-12 0 1
6.15765e-12 0 1.00002
5.54188e-12 0 0.999983
4.98769e-12 0 1.00002
4.48892e-12 0 0.999984
4.04003e-12 0 1.00002
3.63603e-12 0 0.999987
3.27243e-12 0 1.00002
2.94518e-12 0 1.00001
2.65067e-12 0 1.00004
2.3856e-12 0 1.00002
2.14704e-12 0 0.999958
1.93233e-12 0 0.999947
1.7391e-12 0 0.999972
1.56519e-12 0 1
1.40867e-12 0 0.999985
1.2678e-12 0 1.00005
1.14102e-12 0 1.00005
1.02692e-12 0 1.00003
9.2423e-13 0 0.999913
8.31807e-13 0 0.999967
7.48626e-13 0 1.00014
6.73764e-13 0 0.999881
6.06387e-13 0 1.00003
5.45748e-13 0 1.00007
4.91174e-13 0 0.999978
4.42056e-13 0 1.00008
3.97851e-13 0 1.00013
3.58066e-13 0 1.00026
3.22259e-13 0 0.999776
2.90033e-13 0 0.999852
2.6103e-13 0 1.00036
2.34927e-13 0 0.999985
2.11434e-13 0 0.999775
1.90291e-13 0 1.00001
1.71262e-13 0 0.999619
1.54135e-13 0 0.999763
1.38722e-13 0 1.0004
1.2485e-13 0 0.999514
1.12365e-13 0 0.999909
1.01128e-13 0 0.999031
9.10155e-14 0 1.00025
8.19139e-14 0 1.00025
7.37225e-14 0 0.99995
6.63503e-14 0 1.00062
5.97152e-14 0 1.00025
5.37437e-14 0 0.999834
4.83693e-14 0 1.00075
4.35324e-14 0 0.999732
3.91792e-14 0 0.997465
3.52613e-14 0 1.00124
3.17351e-14 0 1.00054
2.85616e-14 0 1.00288
2.57055e-14 0 1.00201
2.31349e-14 0 0.998173
2.08214e-14 0 1.00244
1.87393e-14 0 0.995329
1.68653e-14 0 1.0006
1.51788e-14 0 0.994744
1.36609e-14 0 1.00775
1.22948e-14 0 0.993299
1.10654e-14 0 1.00333
9.95882e-15 0 1.00333
8.96294e-15 0 0.990946
8.06664e-15 0 0.990946
7.25998e-15 0 1.0093
6.53398e-15 0 0.985508
5.88058e-15 0 0.981732
5.29253e-15 0 1.00691
4.76327e-15 0 0.978935
4.28695e-15 0 0.984115
3.85825e-15 0 0.97836
3.47243e-15 0 1.02312
3.12518e-15 0 0.994701
2.81266e-15 0 1.02628
2.5314e-15 0 0.964878
2.27826e-15 0 0.974624
2.05043e-15 0 0.974624
1.84539e-15 0 0.962592
1.66085e-15 0 0.935853
1.49477e-15 0 1.03984
1.34529e-15 0 0.990321
1.21076e-15 0 0.916964
1.08968e-15 0 1.01885
9.80716e-16 0 0.905643
8.82644e-16 0 1.00627
7.9438e-16 0 1.11808
7.14942e-16 0 0.931732
6.43448e-16 0 1.03526
5.79103e-16 0 1.15029
5.21192e-16 0 0.852064
4.69073e-16 0 0.946737
4.22166e-16 0 1.05193
3.79949e-16 0 1.16881
3.41954e-16 0 1.29868
3.07759e-16 0 0.721489
2.76983e-16 0 0.801654
2.49285e-16 0 0.890727
2.24356e-16 0 0.989696
2.01921e-16 0 1.09966
1.81729e-16 0 1.22185
1.63556e-16 0 1.35761
1.472e-16 0 1.50845
1.3248e-16 0 1.67606
1.19232e-16 0 1.86229
1.07309e-16 0 0
9.6578e-17 0 0
8.69202e-17 0 0
7.82282e-17 0 0
7.04054e-17 0 0
6.33648e-17 0 0
5.70284e-17 0 0
5.13255e-17 0 0
4.6193e-17 0 0
4.15737e-17 0 0
3.74163e-17 0 0
3.36747e-17 0 0
3.03072e-17 0 0
2.72765e-17 0 0
2.45488e-17 0 0
2.2094e-17 0 0
1.98846e-17 0 0
1.78961e-17 0 0
1.61065e-17 0 0
1.44958e-17 0 0
1.30463e-17 0 0
1.17416e-17 0 0
1.05675e-17 0 0
9.51072e-18 0 0
8.55965e-18 0 0
7.70369e-18 0 0
6.93332e-18 0 0
6.23999e-18 0 0
5.61599e-18 0 0
5.05439e-18 0 0
4.54895e-18 0 0
4.09405e-18 0 0
3.68465e-18 0 0
3.31618e-18 0 0
2.98457e-18 0 0
2.68611e-18 0 0
2.4175e-18 0 0
2.17575e-18 0 0
1.95817e-18 0 0
1.76236e-18 0 0
1.58612e-18 0 0
1.42751e-18 0 0
1.28476e-18 0 0
1.15628e-18 0 0
1.04065e-18 0 0
9.36588e-19 0 0
8.42929e-19 0 0
7.58637e-19 0 0
6.82773e-19 0 0
6.14496e-19 0 0
5.53046e-19 0 0
4.97741e-19 0 0
4.47967e-19 0 0
4.03171e-19 0 0
3.62853e-19 0 0
3.26568e-19 0 0
2.93911e-19 0 0
2.6452e-19 0 0
2.38068e-19 0 0
2.14261e-19 0 0
1.92835e-19 0 0
1.73552e-19 0 0
1.56197e-19 0 0
1.40577e-19 0 0
1.26519e-19 0 0
1.13867e-19 0 0
1.02481e-19 0 0
9.22325e-20 0 0
8.30092e-20 0 0
7.47083e-20 0 0
6.72375e-20 0 0
6.05137e-20 0 0
5.44624e-20 0 0
4.90161e-20 0 0
4.41145e-20 0 0
3.97031e-20 0 0
3.57328e-20 0 0
3.21595e-20 0 0
2.89435e-20 0 0
2.60492e-20 0 0
2.34443e-20 0 0
2.10998e-20 0 0
1.89899e-20 0 0
1.70909e-20 0 0
1.53818e-20 0 0
1.38436e-20 0 0
1.24592e-20 0 0
1.12133e-20 0 0
1.0092e-20 0 0
