0.000000 0.000000 10.000000
0.100000 1.000000 9.999000
0.200000 1.999900 9.997000
0.300000 2.999600 9.994000
0.400000 3.999000 9.990001
0.500000 4.998000 9.985003
0.600000 5.996501 9.979007
0.700000 6.994401 9.972013
0.800000 7.991603 9.964021
0.900000 8.988005 9.955033
1.000000 9.983508 9.945049
1.100000 10.978013 9.934071
1.200000 11.971420 9.922100
1.300000 12.963630 9.909136
1.400000 13.954544 9.895182
1.500000 14.944062 9.880238
1.600000 15.932086 9.864306
1.700000 16.918516 9.847387
1.800000 17.903255 9.829484
1.900000 18.886203 9.810598
2.000000 19.867263 9.790730
2.100000 20.846336 9.769884
2.200000 21.823325 9.748061
2.300000 22.798131 9.725263
2.400000 23.770657 9.701492
2.500000 24.740806 9.676751
2.600000 25.708481 9.651043
2.700000 26.673586 9.624369
2.800000 27.636022 9.596733
2.900000 28.595696 9.568137
3.000000 29.552509 9.538585
3.100000 30.506368 9.508079
3.200000 31.457176 9.476621
3.300000 32.404838 9.444217
3.400000 33.349260 9.410867
3.500000 34.290346 9.376577
3.600000 35.228004 9.341349
3.700000 36.162139 9.305187
3.800000 37.092658 9.268094
3.900000 38.019467 9.230075
4.000000 38.942475 9.191132
4.100000 39.861588 9.151271
4.200000 40.776715 9.110494
4.300000 41.687764 9.068806
4.400000 42.594645 9.026212
4.500000 43.497266 8.982714
4.600000 44.395537 8.938319
4.700000 45.289369 8.893029
4.800000 46.178672 8.846851
4.900000 47.063357 8.799787
5.000000 47.943336 8.751844
5.100000 48.818520 8.703025
5.200000 49.688823 8.653337
5.300000 50.554157 8.602782
5.400000 51.414435 8.551368
5.500000 52.269572 8.499098
5.600000 53.119481 8.445979
5.700000 53.964079 8.392015
5.800000 54.803281 8.337212
5.900000 55.637002 8.281575
6.000000 56.465159 8.225109
6.100000 57.287670 8.167822
6.200000 58.104453 8.109717
6.300000 58.915424 8.050802
6.400000 59.720505 7.991081
6.500000 60.519613 7.930562
6.600000 61.312669 7.869249
6.700000 62.099594 7.807150
6.800000 62.880309 7.744269
6.900000 63.654736 7.680614
7.000000 64.422797 7.616192
7.100000 65.184416 7.551007
7.200000 65.939517 7.485068
7.300000 66.688024 7.418380
7.400000 67.429862 7.350950
7.500000 68.164957 7.282785
7.600000 68.893235 7.213892
7.700000 69.614624 7.144277
7.800000 70.329052 7.073948
7.900000 71.036447 7.002912
8.000000 71.736738 6.931175
8.100000 72.429856 6.858745
8.200000 73.115730 6.785629
8.300000 73.794293 6.711835
8.400000 74.465476 6.637369
8.500000 75.129213 6.562240
8.600000 75.785437 6.486455
8.700000 76.434083 6.410021
8.800000 77.075085 6.332946
8.900000 77.708380 6.255237
9.000000 78.333903 6.176903
9.100000 78.951594 6.097952
9.200000 79.561389 6.018390
9.300000 80.163228 5.938227
9.400000 80.757051 5.857470
9.500000 81.342798 5.776127
9.600000 81.920410 5.694207
9.700000 82.489831 5.611717
9.800000 83.051003 5.528666
9.900000 83.603869 5.445062
10.000000 84.148375 5.360914
10.100000 84.684467 5.276229
10.200000 85.212090 5.191017
10.300000 85.731192 5.105286
10.400000 86.241720 5.019044
10.500000 86.743625 4.932301
10.600000 87.236855 4.845064
10.700000 87.721361 4.757343
10.800000 88.197095 4.669145
10.900000 88.664010 4.580481
11.000000 89.122058 4.491359
11.100000 89.571194 4.401788
11.200000 90.011373 4.311777
11.300000 90.442550 4.221334
11.400000 90.864684 4.130470
11.500000 91.277731 4.039192
11.600000 91.681650 3.947510
11.700000 92.076401 3.855434
11.800000 92.461944 3.762972
11.900000 92.838241 3.670134
12.000000 93.205255 3.576928
12.100000 93.562948 3.483365
12.200000 93.911284 3.389454
12.300000 94.250230 3.295204
12.400000 94.579750 3.200624
12.500000 94.899812 3.105724
12.600000 95.210385 3.010514
12.700000 95.511436 2.915002
12.800000 95.802936 2.819200
12.900000 96.084856 2.723115
13.000000 96.357168 2.626758
13.100000 96.619844 2.530138
13.200000 96.872857 2.433265
13.300000 97.116184 2.336149
13.400000 97.349799 2.238799
13.500000 97.573679 2.141225
13.600000 97.787801 2.043437
13.700000 97.992145 1.945445
13.800000 98.186689 1.847259
13.900000 98.371415 1.748887
14.000000 98.546304 1.650341
14.100000 98.711338 1.551629
14.200000 98.866501 1.452763
14.300000 99.011777 1.353751
14.400000 99.147152 1.254604
14.500000 99.272613 1.155331
14.600000 99.388146 1.055943
14.700000 99.493740 0.956450
14.800000 99.589385 0.856860
14.900000 99.675071 0.757185
15.000000 99.750790 0.657434
15.100000 99.816533 0.557618
15.200000 99.872295 0.457745
15.300000 99.918070 0.357827
15.400000 99.953852 0.257874
15.500000 99.979640 0.157894
15.600000 99.995429 0.057898
15.700000 100.001219 -0.042103
15.800000 99.997009 -0.142100
15.900000 99.982799 -0.242083
16.000000 99.958590 -0.342041
16.100000 99.924386 -0.441966
16.200000 99.880190 -0.541846
16.300000 99.826005 -0.641672
16.400000 99.761838 -0.741434
16.500000 99.687695 -0.841121
16.600000 99.603582 -0.940725
16.700000 99.509510 -1.040234
16.800000 99.405487 -1.139640
16.900000 99.291523 -1.238931
17.000000 99.167629 -1.338099
17.100000 99.033819 -1.437133
17.200000 98.890106 -1.536023
17.300000 98.736504 -1.634759
17.400000 98.573028 -1.733332
17.500000 98.399695 -1.831732
17.600000 98.216522 -1.929949
17.700000 98.023527 -2.027972
17.800000 97.820729 -2.125793
17.900000 97.608150 -2.223401
18.000000 97.385810 -2.320787
18.100000 97.153731 -2.417941
18.200000 96.911937 -2.514853
18.300000 96.660452 -2.611513
18.400000 96.399301 -2.707912
18.500000 96.128509 -2.804041
18.600000 95.848105 -2.899889
18.700000 95.558116 -2.995447
18.800000 95.258572 -3.090706
18.900000 94.949501 -3.185655
19.000000 94.630936 -3.280286
19.100000 94.302907 -3.374589
19.200000 93.965448 -3.468554
19.300000 93.618593 -3.562173
19.400000 93.262375 -3.655435
19.500000 92.896832 -3.748332
19.600000 92.521999 -3.840854
19.700000 92.137913 -3.932992
19.800000 91.744614 -4.024737
19.900000 91.342140 -4.116079
20.000000 90.930533 -4.207009
20.100000 90.509832 -4.297519
20.200000 90.080080 -4.387599
20.300000 89.641320 -4.477241
20.400000 89.193596 -4.566434
20.500000 88.736952 -4.655171
20.600000 88.271435 -4.743443
20.700000 87.797091 -4.831240
20.800000 87.313967 -4.918554
20.900000 86.822112 -5.005376
21.000000 86.321574 -5.091697
21.100000 85.812404 -5.177510
21.200000 85.294653 -5.262804
21.300000 84.768373 -5.347573
21.400000 84.233616 -5.431806
21.500000 83.690435 -5.515497
21.600000 83.138885 -5.598636
21.700000 82.579022 -5.681215
21.800000 82.010900 -5.763226
21.900000 81.434578 -5.844660
22.000000 80.850112 -5.925510
22.100000 80.257561 -6.005768
22.200000 79.656984 -6.085425
22.300000 79.048441 -6.164473
22.400000 78.431994 -6.242905
22.500000 77.807703 -6.320713
22.600000 77.175632 -6.397889
22.700000 76.535843 -6.474424
22.800000 75.888401 -6.550313
22.900000 75.233369 -6.625546
23.000000 74.570815 -6.700117
23.100000 73.900803 -6.774018
23.200000 73.223401 -6.847241
23.300000 72.538677 -6.919780
23.400000 71.846699 -6.991627
23.500000 71.147537 -7.062774
23.600000 70.441259 -7.133215
23.700000 69.727938 -7.202943
23.800000 69.007643 -7.271951
23.900000 68.280448 -7.340231
24.000000 67.546425 -7.407778
24.100000 66.805647 -7.474584
24.200000 66.058189 -7.540642
24.300000 65.304125 -7.605946
24.400000 64.543530 -7.670489
24.500000 63.776481 -7.734266
24.600000 63.003055 -7.797269
24.700000 62.223328 -7.859492
24.800000 61.437378 -7.920930
24.900000 60.645285 -7.981575
25.000000 59.847128 -8.041422
25.100000 59.042986 -8.100465
25.200000 58.232939 -8.158698
25.300000 57.417069 -8.216115
25.400000 56.595458 -8.272711
25.500000 55.768187 -8.328479
25.600000 54.935339 -8.383414
25.700000 54.096998 -8.437511
25.800000 53.253247 -8.490764
25.900000 52.404170 -8.543168
26.000000 51.549853 -8.594718
26.100000 50.690381 -8.645409
26.200000 49.825841 -8.695235
26.300000 48.956317 -8.744191
26.400000 48.081898 -8.792273
26.500000 47.202671 -8.839475
26.600000 46.318723 -8.885794
26.700000 45.430144 -8.931224
26.800000 44.537021 -8.975761
26.900000 43.639445 -9.019401
27.000000 42.737505 -9.062138
27.100000 41.831291 -9.103970
27.200000 40.920894 -9.144890
27.300000 40.006405 -9.184897
27.400000 39.087916 -9.223985
27.500000 38.165517 -9.262150
27.600000 37.239302 -9.299390
27.700000 36.309363 -9.335699
27.800000 35.375793 -9.371075
27.900000 34.438686 -9.405513
28.000000 33.498134 -9.439012
28.100000 32.554233 -9.471566
28.200000 31.607077 -9.503173
28.300000 30.656759 -9.533830
28.400000 29.703376 -9.563533
28.500000 28.747023 -9.592280
28.600000 27.787795 -9.620068
28.700000 26.825788 -9.646894
28.800000 25.861099 -9.672755
28.900000 24.893824 -9.697649
29.000000 23.924059 -9.721573
29.100000 22.951901 -9.744524
29.200000 21.977449 -9.766502
29.300000 21.000799 -9.787503
29.400000 20.022049 -9.807525
29.500000 19.041296 -9.826566
29.600000 18.058639 -9.844625
29.700000 17.074177 -9.861699
29.800000 16.088007 -9.877787
29.900000 15.100228 -9.892887
30.000000 14.110940 -9.906998
30.100000 13.120240 -9.920118
30.200000 12.128228 -9.932247
30.300000 11.135003 -9.943382
30.400000 10.140665 -9.953522
30.500000 9.145313 -9.962668
30.600000 8.149046 -9.970817
30.700000 7.151965 -9.977969
30.800000 6.154168 -9.984123
30.900000 5.155755 -9.989278
31.000000 4.156828 -9.993435
31.100000 3.157484 -9.996593
31.200000 2.157825 -9.998751
31.300000 1.157950 -9.999909
31.400000 0.157959 -10.000067
31.500000 -0.842048 -9.999224
31.600000 -1.841970 -9.997382
31.700000 -2.841708 -9.994541
31.800000 -3.841163 -9.990700
31.900000 -4.840232 -9.985859
32.000000 -5.838818 -9.980021
32.100000 -6.836820 -9.973184
32.200000 -7.834139 -9.965350
32.300000 -8.830674 -9.956519
32.400000 -9.826326 -9.946693
32.500000 -10.820995 -9.935872
32.600000 -11.814582 -9.924057
32.700000 -12.806988 -9.911250
32.800000 -13.798113 -9.897452
32.900000 -14.787858 -9.882664
33.000000 -15.776124 -9.866888
33.100000 -16.762813 -9.850125
33.200000 -17.747826 -9.832377
33.300000 -18.731063 -9.813646
33.400000 -19.712428 -9.793934
33.500000 -20.691821 -9.773242
33.600000 -21.669146 -9.751573
33.700000 -22.644303 -9.728929
33.800000 -23.617196 -9.705311
33.900000 -24.587727 -9.680724
34.000000 -25.555799 -9.655168
34.100000 -26.521316 -9.628647
34.200000 -27.484181 -9.601162
34.300000 -28.444297 -9.572718
34.400000 -29.401569 -9.543316
34.500000 -30.355900 -9.512961
34.600000 -31.307196 -9.481653
34.700000 -32.255362 -9.449398
34.800000 -33.200302 -9.416198
34.900000 -34.141921 -9.382056
35.000000 -35.080127 -9.346976
35.100000 -36.014825 -9.310961
35.200000 -36.945921 -9.274015
35.300000 -37.873322 -9.236142
35.400000 -38.796936 -9.197345
35.500000 -39.716671 -9.157628
35.600000 -40.632434 -9.116996
35.700000 -41.544133 -9.075451
35.800000 -42.451678 -9.033000
35.900000 -43.354978 -8.989645
36.000000 -44.253943 -8.945391
36.100000 -45.148482 -8.900242
36.200000 -46.038506 -8.854204
36.300000 -46.923926 -8.807280
36.400000 -47.804654 -8.759475
36.500000 -48.680602 -8.710795
36.600000 -49.551681 -8.661243
36.700000 -50.417806 -8.610825
36.800000 -51.278888 -8.559546
36.900000 -52.134843 -8.507411
37.000000 -52.985584 -8.454426
37.100000 -53.831026 -8.400595
37.200000 -54.671086 -8.345924
37.300000 -55.505678 -8.290418
37.400000 -56.334720 -8.234083
37.500000 -57.158128 -8.176925
37.600000 -57.975821 -8.118949
37.700000 -58.787716 -8.060162
37.800000 -59.593732 -8.000568
37.900000 -60.393789 -7.940174
38.000000 -61.187806 -7.878986
38.100000 -61.975705 -7.817011
38.200000 -62.757406 -7.754253
38.300000 -63.532831 -7.690720
38.400000 -64.301903 -7.626418
38.500000 -65.064545 -7.561354
38.600000 -65.820681 -7.495533
38.700000 -66.570234 -7.428963
38.800000 -67.313130 -7.361650
38.900000 -68.049295 -7.293601
39.000000 -68.778655 -7.224822
39.100000 -69.501137 -7.155321
39.200000 -70.216670 -7.085104
39.300000 -70.925180 -7.014179
39.400000 -71.626598 -6.942552
39.500000 -72.320853 -6.870232
39.600000 -73.007876 -6.797224
39.700000 -73.687599 -6.723536
39.800000 -74.359952 -6.649176
39.900000 -75.024870 -6.574151
40.000000 -75.682285 -6.498469
40.100000 -76.332132 -6.422137
40.200000 -76.974346 -6.345162
40.300000 -77.608862 -6.267554
40.400000 -78.235617 -6.189318
40.500000 -78.854549 -6.110463
40.600000 -79.465595 -6.030998
40.700000 -80.068695 -5.950929
40.800000 -80.663788 -5.870265
40.900000 -81.250815 -5.789015
41.000000 -81.829716 -5.707185
41.100000 -82.400434 -5.624784
41.200000 -82.962913 -5.541821
41.300000 -83.517095 -5.458304
41.400000 -84.062925 -5.374241
41.500000 -84.600350 -5.289641
41.600000 -85.129314 -5.204512
41.700000 -85.649765 -5.118862
41.800000 -86.161651 -5.032700
41.900000 -86.664921 -4.946035
42.000000 -87.159525 -4.858876
42.100000 -87.645412 -4.771231
42.200000 -88.122535 -4.683108
42.300000 -88.590846 -4.594517
42.400000 -89.050298 -4.505467
42.500000 -89.500845 -4.415966
42.600000 -89.942441 -4.326024
42.700000 -90.375043 -4.235649
42.800000 -90.798608 -4.144850
42.900000 -91.213093 -4.053637
43.000000 -91.618457 -3.962018
43.100000 -92.014659 -3.870004
43.200000 -92.401659 -3.777602
43.300000 -92.779419 -3.684823
43.400000 -93.147902 -3.591675
43.500000 -93.507069 -3.498168
43.600000 -93.856886 -3.404311
43.700000 -94.197317 -3.310113
43.800000 -94.528328 -3.215585
43.900000 -94.849887 -3.120735
44.000000 -95.161960 -3.025573
44.100000 -95.464518 -2.930109
44.200000 -95.757529 -2.834351
44.300000 -96.040964 -2.738310
44.400000 -96.314795 -2.641995
44.500000 -96.578994 -2.545416
44.600000 -96.833536 -2.448583
44.700000 -97.078394 -2.351505
44.800000 -97.313545 -2.254191
44.900000 -97.538964 -2.156652
45.000000 -97.754629 -2.058897
45.100000 -97.960519 -1.960937
45.200000 -98.156612 -1.862780
45.300000 -98.342890 -1.764437
45.400000 -98.519334 -1.665918
45.500000 -98.685926 -1.567232
45.600000 -98.842649 -1.468389
45.700000 -98.989488 -1.369400
45.800000 -99.126428 -1.270274
45.900000 -99.253455 -1.171020
46.000000 -99.370557 -1.071650
46.100000 -99.477722 -0.972172
46.200000 -99.574940 -0.872597
46.300000 -99.662199 -0.772935
46.400000 -99.739493 -0.673195
46.500000 -99.806812 -0.573388
46.600000 -99.864151 -0.473524
46.700000 -99.911504 -0.373613
46.800000 -99.948865 -0.273664
46.900000 -99.976231 -0.173688
47.000000 -99.993600 -0.073694
47.100000 -100.000969 0.026307
47.200000 -99.998339 0.126305
47.300000 -99.985708 0.226291
47.400000 -99.963079 0.326254
47.500000 -99.930454 0.426185
47.600000 -99.887835 0.526072
47.700000 -99.835228 0.625908
47.800000 -99.772637 0.725680
47.900000 -99.700069 0.825380
48.000000 -99.617531 0.924998
48.100000 -99.525031 1.024523
48.200000 -99.422579 1.123945
48.300000 -99.310184 1.223256
48.400000 -99.187859 1.322443
48.500000 -99.055615 1.421499
48.600000 -98.913465 1.520413
48.700000 -98.761423 1.619174
48.800000 -98.599506 1.717773
48.900000 -98.427729 1.816201
49.000000 -98.246109 1.914447
49.100000 -98.054664 2.012502
49.200000 -97.853414 2.110355
49.300000 -97.642378 2.207998
49.400000 -97.421578 2.305419
49.500000 -97.191036 2.402610
49.600000 -96.950775 2.499561
49.700000 -96.700819 2.596262
49.800000 -96.441193 2.692703
49.900000 -96.171923 2.788875
50.000000 -95.893035 2.884768
50.100000 -95.604558 2.980373
50.200000 -95.306521 3.075679
50.300000 -94.998953 3.170678
50.400000 -94.681885 3.265360
50.500000 -94.355349 3.359715
50.600000 -94.019378 3.453735
50.700000 -93.674004 3.547409
50.800000 -93.319263 3.640728
50.900000 -92.955191 3.733683
51.000000 -92.581822 3.826265
51.100000 -92.199196 3.918464
51.200000 -91.807349 4.010272
51.300000 -91.406322 4.101678
51.400000 -90.996154 4.192674
51.500000 -90.576887 4.283251
51.600000 -90.148562 4.373400
51.700000 -89.711222 4.463111
51.800000 -89.264911 4.552376
51.900000 -88.809673 4.641185
52.000000 -88.345555 4.729531
52.100000 -87.872602 4.817404
52.200000 -87.390861 4.904794
52.300000 -86.900382 4.991695
52.400000 -86.401212 5.078096
52.500000 -85.893403 5.163989
52.600000 -85.377004 5.249366
52.700000 -84.852067 5.334218
52.800000 -84.318645 5.418537
52.900000 -83.776792 5.502314
53.000000 -83.226560 5.585540
53.100000 -82.668006 5.668208
53.200000 -82.101185 5.750310
53.300000 -81.526154 5.831836
53.400000 -80.942971 5.912779
53.500000 -80.351693 5.993130
53.600000 -79.752380 6.072883
53.700000 -79.145092 6.152028
53.800000 -78.529889 6.230558
53.900000 -77.906833 6.308465
54.000000 -77.275987 6.385741
54.100000 -76.637413 6.462378
54.200000 -75.991175 6.538369
54.300000 -75.337338 6.613707
54.400000 -74.675967 6.688383
54.500000 -74.007129 6.762390
54.600000 -73.330890 6.835721
54.700000 -72.647318 6.908368
54.800000 -71.956481 6.980324
54.900000 -71.258449 7.051583
55.000000 -70.553290 7.122136
55.100000 -69.841077 7.191977
55.200000 -69.121879 7.261099
55.300000 -68.395769 7.329495
55.400000 -67.662820 7.397158
55.500000 -66.923104 7.464081
55.600000 -66.176696 7.530257
55.700000 -65.423670 7.595681
55.800000 -64.664102 7.660345
55.900000 -63.898067 7.724243
56.000000 -63.125643 7.787369
56.100000 -62.346906 7.849716
56.200000 -61.561935 7.911278
56.300000 -60.770807 7.972049
56.400000 -59.973602 8.032022
56.500000 -59.170400 8.091193
56.600000 -58.361281 8.149554
56.700000 -57.546325 8.207100
56.800000 -56.725615 8.263826
56.900000 -55.899233 8.319725
57.000000 -55.067260 8.374792
57.100000 -54.229781 8.429022
57.200000 -53.386879 8.482409
57.300000 -52.538638 8.534948
57.400000 -51.685143 8.586633
57.500000 -50.826480 8.637459
57.600000 -49.962734 8.687422
57.700000 -49.093992 8.736516
57.800000 -48.220340 8.784736
57.900000 -47.341866 8.832078
58.000000 -46.458659 8.878537
58.100000 -45.570805 8.924108
58.200000 -44.678394 8.968786
58.300000 -43.781516 9.012567
58.400000 -42.880259 9.055448
58.500000 -41.974714 9.097422
58.600000 -41.064972 9.138487
58.700000 -40.151123 9.178639
58.800000 -39.233259 9.217872
58.900000 -38.311472 9.256183
59.000000 -37.385854 9.293569
59.100000 -36.456497 9.330026
59.200000 -35.523494 9.365549
59.300000 -34.586939 9.400136
59.400000 -33.646926 9.433783
59.500000 -32.703547 9.466487
59.600000 -31.756899 9.498243
59.700000 -30.807074 9.529051
59.800000 -29.854169 9.558905
59.900000 -28.898279 9.587803
60.000000 -27.939499 9.615742
60.100000 -26.977924 9.642720
60.200000 -26.013652 9.668734
60.300000 -25.046779 9.693781
60.400000 -24.077401 9.717858
60.500000 -23.105615 9.740964
60.600000 -22.131519 9.763095
60.700000 -21.155209 9.784251
60.800000 -20.176784 9.804427
60.900000 -19.196341 9.823624
61.000000 -18.213979 9.841838
61.100000 -17.229795 9.859067
61.200000 -16.243888 9.875311
61.300000 -15.256357 9.890568
61.400000 -14.267301 9.904835
61.500000 -13.276817 9.918112
61.600000 -12.285006 9.930397
61.700000 -11.291966 9.941689
61.800000 -10.297797 9.951987
61.900000 -9.302599 9.961289
62.000000 -8.306470 9.969596
62.100000 -7.309510 9.976905
62.200000 -6.311820 9.983217
62.300000 -5.313498 9.988530
62.400000 -4.314645 9.992845
62.500000 -3.315360 9.996160
62.600000 -2.315744 9.998476
62.700000 -1.315897 9.999792
62.800000 -0.315917 10.000108
62.900000 0.684093 9.999424
63.000000 1.684036 9.997740
63.100000 2.683810 9.995056
63.200000 3.683315 9.991373
63.300000 4.682453 9.986690
63.400000 5.681122 9.981009
63.500000 6.679223 9.974330
63.600000 7.676656 9.966653
63.700000 8.673321 9.957980
63.800000 9.669119 9.948311
63.900000 10.663950 9.937647
64.000000 11.657715 9.925989
64.100000 12.650314 9.913339
64.200000 13.641648 9.899697
64.300000 14.631617 9.885066
64.400000 15.620124 9.869446
64.500000 16.607068 9.852838
64.600000 17.592352 9.835246
64.700000 18.575877 9.816670
64.800000 19.557544 9.797113
64.900000 20.537255 9.776575
65.000000 21.514913 9.755061
65.100000 22.490419 9.732570
65.200000 23.463676 9.709106
65.300000 24.434586 9.684672
65.400000 25.403054 9.659269
65.500000 26.368980 9.632900
65.600000 27.332270 9.605568
65.700000 28.292827 9.577275
65.800000 29.250555 9.548024
65.900000 30.205357 9.517819
66.000000 31.157139 9.486662
66.100000 32.105805 9.454556
66.200000 33.051261 9.421505
66.300000 33.993411 9.387511
66.400000 34.932162 9.352579
66.500000 35.867420 9.316712
66.600000 36.799091 9.279913
66.700000 37.727083 9.242185
66.800000 38.651301 9.203534
66.900000 39.571655 9.163962
67.000000 40.488051 9.123474
67.100000 41.400398 9.082074
67.200000 42.308606 9.039765
67.300000 43.212582 8.996553
67.400000 44.112238 8.952441
67.500000 45.007482 8.907433
67.600000 45.898225 8.861535
67.700000 46.784378 8.814751
67.800000 47.665853 8.767085
67.900000 48.542562 8.718542
68.000000 49.414416 8.669128
68.100000 50.281329 8.618846
68.200000 51.143214 8.567703
68.300000 51.999984 8.515703
68.400000 52.851554 8.462852
68.500000 53.697839 8.409154
68.600000 54.538755 8.354615
68.700000 55.374216 8.299241
68.800000 56.204140 8.243037
68.900000 57.028444 8.186008
69.000000 57.847045 8.128161
69.100000 58.659861 8.069501
69.200000 59.466811 8.010035
69.300000 60.267814 7.949767
69.400000 61.062791 7.888704
69.500000 61.851662 7.826852
69.600000 62.634347 7.764218
69.700000 63.410769 7.700807
69.800000 64.180849 7.636626
69.900000 64.944512 7.571682
70.000000 65.701680 7.505980
70.100000 66.452278 7.439528
70.200000 67.196231 7.372332
70.300000 67.933464 7.304398
70.400000 68.663904 7.235734
70.500000 69.387477 7.166347
70.600000 70.104112 7.096243
70.700000 70.813736 7.025429
70.800000 71.516279 6.953913
70.900000 72.211670 6.881701
71.000000 72.899840 6.808801
71.100000 73.580720 6.735220
71.200000 74.254243 6.660966
71.300000 74.920339 6.586046
71.400000 75.578944 6.510467
71.500000 76.229990 6.434237
71.600000 76.873414 6.357363
71.700000 77.509150 6.279854
71.800000 78.137136 6.201717
71.900000 78.757308 6.122960
72.000000 79.369604 6.043590
72.100000 79.973963 5.963616
72.200000 80.570324 5.883046
72.300000 81.158629 5.801887
72.400000 81.738818 5.720149
72.500000 82.310832 5.637838
72.600000 82.874616 5.554963
72.700000 83.430112 5.471533
72.800000 83.977266 5.387556
72.900000 84.516021 5.303040
73.000000 85.046325 5.217993
73.100000 85.568125 5.132425
73.200000 86.081367 5.046344
73.300000 86.586002 4.959758
73.400000 87.081977 4.872676
73.500000 87.569245 4.785107
73.600000 88.047756 4.697059
73.700000 88.517461 4.608541
73.800000 88.978316 4.519563
73.900000 89.430272 4.430133
74.000000 89.873285 4.340260
74.100000 90.307311 4.249952
74.200000 90.732306 4.159220
74.300000 91.148228 4.068072
74.400000 91.555035 3.976517
74.500000 91.952687 3.884564
74.600000 92.341144 3.792223
74.700000 92.720366 3.699502
74.800000 93.090316 3.606412
74.900000 93.450957 3.512961
75.000000 93.802253 3.419159
75.100000 94.144169 3.325015
75.200000 94.476671 3.230538
75.300000 94.799725 3.135738
75.400000 95.113298 3.040625
75.500000 95.417361 2.945208
75.600000 95.711882 2.849496
75.700000 95.996831 2.753499
75.800000 96.272181 2.657227
75.900000 96.537904 2.560689
76.000000 96.793973 2.463895
76.100000 97.040362 2.366855
76.200000 97.277048 2.269578
76.300000 97.504005 2.172074
76.400000 97.721213 2.074352
76.500000 97.928648 1.976424
76.600000 98.126290 1.878297
76.700000 98.314120 1.779983
76.800000 98.492118 1.681491
76.900000 98.660268 1.582831
77.000000 98.818551 1.484012
77.100000 98.966952 1.385045
77.200000 99.105456 1.285940
77.300000 99.234050 1.186706
77.400000 99.352721 1.087353
77.500000 99.461456 0.987892
77.600000 99.560245 0.888331
77.700000 99.649079 0.788682
77.800000 99.727947 0.688954
77.900000 99.796842 0.589158
78.000000 99.855758 0.489302
78.100000 99.904688 0.389397
78.200000 99.943628 0.289453
78.300000 99.972573 0.189481
78.400000 99.991521 0.089489
78.500000 100.000470 -0.010511
78.600000 99.999419 -0.110511
78.700000 99.988368 -0.210499
78.800000 99.967318 -0.310466
78.900000 99.936272 -0.410402
79.000000 99.895231 -0.510298
79.100000 99.844202 -0.610142
79.200000 99.783187 -0.709925
79.300000 99.712195 -0.809637
79.400000 99.631231 -0.909269
79.500000 99.540304 -1.008809
79.600000 99.439423 -1.108248
79.700000 99.328599 -1.207577
79.800000 99.207841 -1.306785
79.900000 99.077163 -1.405862
80.000000 98.936576 -1.504798
80.100000 98.786096 -1.603585
80.200000 98.625738 -1.702210
80.300000 98.455517 -1.800666
80.400000 98.275450 -1.898941
80.500000 98.085556 -1.997027
80.600000 97.885854 -2.094913
80.700000 97.676362 -2.192589
80.800000 97.457103 -2.290046
80.900000 97.228099 -2.387274
81.000000 96.989371 -2.484264
81.100000 96.740945 -2.581005
81.200000 96.482845 -2.677487
81.300000 96.215096 -2.773702
81.400000 95.937726 -2.869640
81.500000 95.650762 -2.965291
81.600000 95.354233 -3.060645
81.700000 95.048168 -3.155693
81.800000 94.732599 -3.250426
81.900000 94.407556 -3.344833
82.000000 94.073073 -3.438907
82.100000 93.729182 -3.532636
82.200000 93.375919 -3.626012
82.300000 93.013317 -3.719025
82.400000 92.641415 -3.811666
82.500000 92.260248 -3.903927
82.600000 91.869856 -3.995797
82.700000 91.470276 -4.087267
82.800000 91.061549 -4.178328
82.900000 90.643716 -4.268972
83.000000 90.216819 -4.359189
83.100000 89.780900 -4.448970
83.200000 89.336003 -4.538306
83.300000 88.882173 -4.627188
83.400000 88.419454 -4.715607
83.500000 87.947893 -4.803555
83.600000 87.467538 -4.891023
83.700000 86.978435 -4.978001
83.800000 86.480635 -5.064482
83.900000 85.974187 -5.150456
84.000000 85.459141 -5.235915
84.100000 84.935550 -5.320851
84.200000 84.403465 -5.405254
84.300000 83.862939 -5.489117
84.400000 83.314028 -5.572431
84.500000 82.756785 -5.655188
84.600000 82.191266 -5.737379
84.700000 81.617528 -5.818997
84.800000 81.035628 -5.900032
84.900000 80.445625 -5.980478
85.000000 79.847577 -6.060326
85.100000 79.241545 -6.139567
85.200000 78.627588 -6.218195
85.300000 78.005768 -6.296201
85.400000 77.376148 -6.373577
85.500000 76.738791 -6.450315
85.600000 76.093759 -6.526409
85.700000 75.441118 -6.601850
85.800000 74.780933 -6.676631
85.900000 74.113270 -6.750745
86.000000 73.438196 -6.824183
86.100000 72.755777 -6.896939
86.200000 72.066083 -6.969005
86.300000 71.369183 -7.040374
86.400000 70.665146 -7.111039
86.500000 69.954042 -7.180993
86.600000 69.235942 -7.250229
86.700000 68.510920 -7.318740
86.800000 67.779046 -7.386519
86.900000 67.040394 -7.453559
87.000000 66.295038 -7.519854
87.100000 65.543052 -7.585397
87.200000 64.784513 -7.650182
87.300000 64.019494 -7.714201
87.400000 63.248074 -7.777449
87.500000 62.470329 -7.839920
87.600000 61.686337 -7.901606
87.700000 60.896177 -7.962502
87.800000 60.099927 -8.022602
87.900000 59.297666 -8.081900
88.000000 58.489476 -8.140389
88.100000 57.675437 -8.198065
88.200000 56.855631 -8.254920
88.300000 56.030139 -8.310951
88.400000 55.199044 -8.366150
88.500000 54.362429 -8.420512
88.600000 53.520378 -8.474032
88.700000 52.672974 -8.526705
88.800000 51.820304 -8.578526
88.900000 50.962451 -8.629488
89.000000 50.099503 -8.679588
89.100000 49.231544 -8.728819
89.200000 48.358662 -8.777178
89.300000 47.480944 -8.824659
89.400000 46.598478 -8.871257
89.500000 45.711352 -8.916969
89.600000 44.819656 -8.961788
89.700000 43.923477 -9.005712
89.800000 43.022906 -9.048735
89.900000 42.118032 -9.090853
90.000000 41.208947 -9.132062
90.100000 40.295741 -9.172357
90.200000 39.378505 -9.211736
90.300000 38.457331 -9.250193
90.400000 37.532312 -9.287726
90.500000 36.603539 -9.324329
90.600000 35.671107 -9.360000
90.700000 34.735107 -9.394735
90.800000 33.795633 -9.428531
90.900000 32.852780 -9.461384
91.000000 31.906642 -9.493290
91.100000 30.957313 -9.524248
91.200000 30.004888 -9.554253
91.300000 29.049463 -9.583302
91.400000 28.091132 -9.611393
91.500000 27.129993 -9.638523
91.600000 26.166141 -9.664689
91.700000 25.199672 -9.689889
91.800000 24.230683 -9.714120
91.900000 23.259271 -9.737379
92.000000 22.285533 -9.759664
92.100000 21.309567 -9.780974
92.200000 20.331469 -9.801305
92.300000 19.351339 -9.820657
92.400000 18.369273 -9.839026
92.500000 17.385370 -9.856411
92.600000 16.399729 -9.872811
92.700000 15.412448 -9.888224
92.800000 14.423626 -9.902647
92.900000 13.433361 -9.916081
93.000000 12.441753 -9.928522
93.100000 11.448901 -9.939971
93.200000 10.454904 -9.950426
93.300000 9.459861 -9.959886
93.400000 8.463872 -9.968350
93.500000 7.467037 -9.975817
93.600000 6.469456 -9.982286
93.700000 5.471227 -9.987758
93.800000 4.472451 -9.992230
93.900000 3.473228 -9.995703
94.000000 2.473658 -9.998177
94.100000 1.473840 -9.999651
94.200000 0.473875 -10.000125
94.300000 -0.526137 -9.999599
94.400000 -1.526097 -9.998072
94.500000 -2.525904 -9.995547
94.600000 -3.525459 -9.992021
94.700000 -4.524661 -9.987496
94.800000 -5.523411 -9.981973
94.900000 -6.521608 -9.975451
95.000000 -7.519153 -9.967932
95.100000 -8.515946 -9.959416
95.200000 -9.511888 -9.949904
95.300000 -10.506879 -9.939398
95.400000 -11.500818 -9.927897
95.500000 -12.493608 -9.915403
95.600000 -13.485148 -9.901918
95.700000 -14.475340 -9.887443
95.800000 -15.464084 -9.871979
95.900000 -16.451282 -9.855527
96.000000 -17.436835 -9.838090
96.100000 -18.420644 -9.819670
96.200000 -19.402611 -9.800267
96.300000 -20.382638 -9.779885
96.400000 -21.360626 -9.758524
96.500000 -22.336478 -9.736187
96.600000 -23.310097 -9.712877
96.700000 -24.281385 -9.688596
96.800000 -25.250244 -9.663346
96.900000 -26.216579 -9.637129
97.000000 -27.180292 -9.609949
97.100000 -28.141287 -9.581808
97.200000 -29.099468 -9.552708
97.300000 -30.054738 -9.522653
97.400000 -31.007004 -9.491646
97.500000 -31.956168 -9.459690
97.600000 -32.902137 -9.426788
97.700000 -33.844816 -9.392943
97.800000 -34.784111 -9.358159
97.900000 -35.719926 -9.322439
98.000000 -36.652170 -9.285787
98.100000 -37.580749 -9.248206
98.200000 -38.505570 -9.209701
98.300000 -39.426540 -9.170274
98.400000 -40.343567 -9.129931
98.500000 -41.256560 -9.088674
98.600000 -42.165428 -9.046509
98.700000 -43.070078 -9.003438
98.800000 -43.970422 -8.959468
98.900000 -44.866369 -8.914602
99.000000 -45.757829 -8.868844
99.100000 -46.644714 -8.822199
99.200000 -47.526934 -8.774672
99.300000 -48.404401 -8.726268
99.400000 -49.277028 -8.676991
99.500000 -50.144727 -8.626846
99.600000 -51.007411 -8.575839
99.700000 -51.864995 -8.523974
99.800000 -52.717392 -8.471256
99.900000 -53.564518 -8.417692
100.000000 -54.406287 -8.363285
100.100000 -55.242616 -8.308043
100.200000 -56.073420 -8.251969
100.300000 -56.898617 -8.195071
100.400000 -57.718124 -8.137353
100.500000 -58.531859 -8.078821
100.600000 -59.339742 -8.019481
100.700000 -60.141690 -7.959339
100.800000 -60.937624 -7.898402
100.900000 -61.727464 -7.836674
101.000000 -62.511131 -7.774163
101.100000 -63.288547 -7.710875
101.200000 -64.059635 -7.646815
101.300000 -64.824316 -7.581991
101.400000 -65.582516 -7.516408
101.500000 -66.334156 -7.450074
101.600000 -67.079164 -7.382995
101.700000 -67.817463 -7.315177
101.800000 -68.548981 -7.246628
101.900000 -69.273644 -7.177355
102.000000 -69.991379 -7.107363
102.100000 -70.702116 -7.036661
102.200000 -71.405782 -6.965255
102.300000 -72.102307 -6.893153
102.400000 -72.791623 -6.820362
102.500000 -73.473659 -6.746888
102.600000 -74.148348 -6.672740
102.700000 -74.815621 -6.597924
102.800000 -75.475414 -6.522449
102.900000 -76.127659 -6.446321
103.000000 -76.772291 -6.369549
103.100000 -77.409246 -6.292139
103.200000 -78.038460 -6.214101
103.300000 -78.659870 -6.135441
103.400000 -79.273414 -6.056168
103.500000 -79.879031 -5.976289
103.600000 -80.476659 -5.895812
103.700000 -81.066241 -5.814746
103.800000 -81.647715 -5.733098
103.900000 -82.221025 -5.650877
104.000000 -82.786113 -5.568091
104.100000 -83.342922 -5.484748
104.200000 -83.891396 -5.400856
104.300000 -84.431482 -5.316425
104.400000 -84.963125 -5.231462
104.500000 -85.486271 -5.145976
104.600000 -86.000868 -5.059975
104.700000 -86.506866 -4.973468
104.800000 -87.004213 -4.886464
104.900000 -87.492859 -4.798971
105.000000 -87.972756 -4.710998
105.100000 -88.443856 -4.622554
105.200000 -88.906111 -4.533648
105.300000 -89.359476 -4.444289
105.400000 -89.803905 -4.354485
105.500000 -90.239353 -4.264245
105.600000 -90.665778 -4.173580
105.700000 -91.083136 -4.082496
105.800000 -91.491386 -3.991005
105.900000 -91.890486 -3.899115
106.000000 -92.280398 -3.806834
106.100000 -92.661081 -3.714173
106.200000 -93.032498 -3.621141
106.300000 -93.394612 -3.527746
106.400000 -93.747387 -3.433999
106.500000 -94.090787 -3.339908
106.600000 -94.424778 -3.245483
106.700000 -94.749326 -3.150734
106.800000 -95.064399 -3.055669
106.900000 -95.369966 -2.960299
107.000000 -95.665996 -2.864633
107.100000 -95.952459 -2.768681
107.200000 -96.229327 -2.672452
107.300000 -96.496573 -2.575955
107.400000 -96.754168 -2.479201
107.500000 -97.002088 -2.382199
107.600000 -97.240308 -2.284958
107.700000 -97.468804 -2.187490
107.800000 -97.687553 -2.089802
107.900000 -97.896533 -1.991905
108.000000 -98.095724 -1.893810
108.100000 -98.285105 -1.795525
108.200000 -98.464657 -1.697060
108.300000 -98.634363 -1.598426
108.400000 -98.794206 -1.499631
108.500000 -98.944169 -1.400687
108.600000 -99.084237 -1.301603
108.700000 -99.214398 -1.202389
108.800000 -99.334637 -1.103054
108.900000 -99.444942 -1.003609
109.000000 -99.545303 -0.904064
109.100000 -99.635709 -0.804428
109.200000 -99.716152 -0.704712
109.300000 -99.786623 -0.604925
109.400000 -99.847116 -0.505078
109.500000 -99.897624 -0.405181
109.600000 -99.938142 -0.305242
109.700000 -99.968666 -0.205274
109.800000 -99.989193 -0.105285
109.900000 -99.999722 -0.005285
110.000000 -100.000250 0.094715
110.100000 -99.990779 0.194706
110.200000 -99.971308 0.294678
110.300000 -99.941840 0.394619
110.400000 -99.902378 0.494522
110.500000 -99.852926 0.594375
110.600000 -99.793489 0.694168
110.700000 -99.724072 0.793892
110.800000 -99.644683 0.893537
110.900000 -99.555329 0.993092
111.000000 -99.456020 1.092548
111.100000 -99.346765 1.191895
111.200000 -99.227575 1.291123
111.300000 -99.098463 1.390221
111.400000 -98.959441 1.489181
111.500000 -98.810523 1.587991
111.600000 -98.651724 1.686643
111.700000 -98.483060 1.785126
111.800000 -98.304547 1.883430
111.900000 -98.116204 1.981547
112.000000 -97.918049 2.079465
112.100000 -97.710103 2.177175
112.200000 -97.492385 2.274667
112.300000 -97.264919 2.371932
112.400000 -97.027726 2.468960
112.500000 -96.780830 2.565741
112.600000 -96.524256 2.662265
112.700000 -96.258029 2.758523
112.800000 -95.982177 2.854505
112.900000 -95.696726 2.950202
113.000000 -95.401706 3.045603
113.100000 -95.097146 3.140701
113.200000 -94.783076 3.235484
113.300000 -94.459527 3.329943
113.400000 -94.126533 3.424070
113.500000 -93.784126 3.517854
113.600000 -93.432341 3.611286
113.700000 -93.071212 3.704357
113.800000 -92.700776 3.797058
113.900000 -92.321070 3.889379
114.000000 -91.932133 3.981311
114.100000 -91.534001 4.072845
114.200000 -91.126717 4.163972
114.300000 -90.710320 4.254682
114.400000 -90.284851 4.344967
114.500000 -89.850355 4.434818
114.600000 -89.406873 4.524225
114.700000 -88.954450 4.613179
114.800000 -88.493133 4.701672
114.900000 -88.022965 4.789695
115.000000 -87.543996 4.877239
115.100000 -87.056272 4.964295
115.200000 -86.559842 5.050855
115.300000 -86.054757 5.136910
115.400000 -85.541066 5.222451
115.500000 -85.018821 5.307470
115.600000 -84.488074 5.391958
115.700000 -83.948878 5.475907
115.800000 -83.401287 5.559308
115.900000 -82.845356 5.642153
116.000000 -82.281141 5.724435
116.100000 -81.708698 5.806143
116.200000 -81.128083 5.887271
116.300000 -80.539356 5.967811
116.400000 -79.942575 6.047753
116.500000 -79.337800 6.127091
116.600000 -78.725091 6.205816
116.700000 -78.104509 6.283921
116.800000 -77.476117 6.361397
116.900000 -76.839977 6.438237
117.000000 -76.196154 6.514433
117.100000 -75.544710 6.589978
117.200000 -74.885713 6.664863
117.300000 -74.219226 6.739083
117.400000 -73.545318 6.812628
117.500000 -72.864055 6.885492
117.600000 -72.175506 6.957667
117.700000 -71.479739 7.029147
117.800000 -70.776825 7.099924
117.900000 -70.066832 7.169991
118.000000 -69.349833 7.239341
118.100000 -68.625899 7.307967
118.200000 -67.895102 7.375862
118.300000 -67.157516 7.443019
118.400000 -66.413214 7.509432
118.500000 -65.662271 7.575095
118.600000 -64.904762 7.639999
118.700000 -64.140762 7.704140
118.800000 -63.370348 7.767511
118.900000 -62.593597 7.830104
119.000000 -61.810586 7.891915
119.100000 -61.021395 7.952936
119.200000 -60.226101 8.013162
119.300000 -59.424785 8.072587
119.400000 -58.617526 8.131205
119.500000 -57.804406 8.189009
119.600000 -56.985505 8.245994
119.700000 -56.160905 8.302155
119.800000 -55.330690 8.357486
119.900000 -54.494941 8.411981
120.000000 -53.653743 8.465635
120.100000 -52.807180 8.518442
120.200000 -51.955335 8.570397
120.300000 -51.098296 8.621496
120.400000 -50.236146 8.671732
120.500000 -49.368973 8.721101
120.600000 -48.496863 8.769598
120.700000 -47.619903 8.817217
120.800000 -46.738181 8.863956
120.900000 -45.851786 8.909807
121.000000 -44.960805 8.954768
121.100000 -44.065328 8.998834
121.200000 -43.165445 9.041999
121.300000 -42.261245 9.084260
121.400000 -41.352819 9.125613
121.500000 -40.440258 9.166053
121.600000 -39.523652 9.205577
121.700000 -38.603095 9.244180
121.800000 -37.678677 9.281859
121.900000 -36.750491 9.318609
122.000000 -35.818630 9.354428
122.100000 -34.883187 9.389311
122.200000 -33.944256 9.423255
122.300000 -33.001930 9.456257
122.400000 -32.056305 9.488314
122.500000 -31.107473 9.519421
122.600000 -30.155531 9.549577
122.700000 -29.200574 9.578777
122.800000 -28.242696 9.607020
122.900000 -27.281994 9.634302
123.000000 -26.318564 9.660620
123.100000 -25.352502 9.685973
123.200000 -24.383904 9.710357
123.300000 -23.412869 9.733770
123.400000 -22.439492 9.756209
123.500000 -21.463871 9.777673
123.600000 -20.486104 9.798159
123.700000 -19.506288 9.817665
123.800000 -18.524521 9.836190
123.900000 -17.540902 9.853731
124.000000 -16.555529 9.870286
124.100000 -15.568500 9.885855
124.200000 -14.579915 9.900435
124.300000 -13.589871 9.914025
124.400000 -12.598469 9.926623
124.500000 -11.605807 9.938229
124.600000 -10.611984 9.948841
124.700000 -9.617100 9.958458
124.800000 -8.621254 9.967079
124.900000 -7.624546 9.974704
125.000000 -6.627076 9.981331
125.100000 -5.628943 9.986960
125.200000 -4.630247 9.991590
125.300000 -3.631088 9.995221
125.400000 -2.631565 9.997853
125.500000 -1.631780 9.999484
125.600000 -0.631832 10.000116
125.700000 0.368180 9.999748
125.800000 1.368155 9.998380
125.900000 2.367993 9.996012
126.000000 3.367594 9.992644
126.100000 4.366858 9.988278
126.200000 5.365686 9.982912
126.300000 6.363977 9.976548
126.400000 7.361632 9.969186
126.500000 8.358551 9.960828
126.600000 9.354633 9.951473
126.700000 10.349781 9.941123
126.800000 11.343893 9.929779
126.900000 12.336871 9.917443
127.000000 13.328615 9.904114
127.100000 14.319027 9.889795
127.200000 15.308006 9.874487
127.300000 16.295455 9.858191
127.400000 17.281274 9.840910
127.500000 18.265365 9.822645
127.600000 19.247629 9.803397
127.700000 20.227969 9.783169
127.800000 21.206286 9.761963
127.900000 22.182482 9.739780
128.000000 23.156460 9.716624
128.100000 24.128123 9.692496
128.200000 25.097372 9.667398
128.300000 26.064112 9.641334
128.400000 27.028246 9.614306
128.500000 27.989676 9.586316
128.600000 28.948308 9.557368
128.700000 29.904045 9.527464
128.800000 30.856791 9.496607
128.900000 31.806452 9.464801
129.000000 32.752932 9.432048
129.100000 33.696137 9.398352
129.200000 34.635972 9.363716
129.300000 35.572344 9.328143
129.400000 36.505158 9.291638
129.500000 37.434322 9.254204
129.600000 38.359742 9.215844
129.700000 39.281326 9.176563
129.800000 40.198983 9.136364
129.900000 41.112619 9.095251
130.000000 42.022144 9.053229
130.100000 42.927467 9.010302
130.200000 43.828497 8.966473
130.300000 44.725145 8.921748
130.400000 45.617319 8.876131
130.500000 46.504933 8.829626
130.600000 47.387895 8.782238
130.700000 48.266119 8.733972
130.800000 49.139516 8.684832
130.900000 50.007999 8.634824
131.000000 50.871482 8.583953
131.100000 51.729877 8.532223
131.200000 52.583099 8.479640
131.300000 53.431063 8.426209
131.400000 54.273684 8.371935
131.500000 55.110878 8.316824
131.600000 55.942560 8.260882
131.700000 56.768648 8.204113
131.800000 57.589060 8.146524
131.900000 58.403712 8.088120
132.000000 59.212524 8.028908
132.100000 60.015415 7.968892
132.200000 60.812304 7.908080
132.300000 61.603112 7.846477
132.400000 62.387760 7.784089
132.500000 63.166169 7.720923
132.600000 63.938261 7.656985
132.700000 64.703959 7.592281
132.800000 65.463187 7.526817
132.900000 66.215869 7.460602
133.000000 66.961929 7.393640
133.100000 67.701293 7.325938
133.200000 68.433887 7.257505
133.300000 69.159638 7.188345
133.400000 69.878472 7.118466
133.500000 70.590319 7.047876
133.600000 71.295106 6.976581
133.700000 71.992764 6.904588
133.800000 72.683223 6.831905
133.900000 73.366414 6.758539
134.000000 74.042268 6.684496
134.100000 74.710717 6.609786
134.200000 75.371696 6.534414
134.300000 76.025137 6.458389
134.400000 76.670976 6.381718
134.500000 77.309148 6.304409
134.600000 77.939589 6.226469
134.700000 78.562236 6.147907
134.800000 79.177026 6.068730
134.900000 79.783899 5.988946
135.000000 80.382794 5.908563
135.100000 80.973650 5.827589
135.200000 81.556409 5.746033
135.300000 82.131012 5.663902
135.400000 82.697403 5.581205
135.500000 83.255523 5.497949
135.600000 83.805318 5.414144
135.700000 84.346732 5.329797
135.800000 84.879712 5.244917
135.900000 85.404204 5.159513
136.000000 85.920155 5.073593
136.100000 86.427514 4.987165
136.200000 86.926231 4.900239
136.300000 87.416255 4.812823
136.400000 87.897537 4.724925
136.500000 88.370030 4.636555
136.600000 88.833685 4.547722
136.700000 89.288457 4.458433
136.800000 89.734301 4.368699
136.900000 90.171171 4.278528
137.000000 90.599023 4.187929
137.100000 91.017816 4.096911
137.200000 91.427507 4.005483
137.300000 91.828056 3.913655
137.400000 92.219421 3.821436
137.500000 92.601565 3.728834
137.600000 92.974448 3.635860
137.700000 93.338034 3.542522
137.800000 93.692286 3.448830
137.900000 94.037169 3.354792
138.000000 94.372649 3.260420
138.100000 94.698691 3.165721
138.200000 95.015263 3.070706
138.300000 95.322333 2.975384
138.400000 95.619872 2.879764
138.500000 95.907848 2.783856
138.600000 96.186234 2.687670
138.700000 96.455001 2.591215
138.800000 96.714122 2.494500
138.900000 96.963572 2.397537
139.000000 97.203326 2.300334
139.100000 97.433359 2.202900
139.200000 97.653649 2.105247
139.300000 97.864174 2.007382
139.400000 98.064912 1.909317
139.500000 98.255844 1.811062
139.600000 98.436950 1.712625
139.700000 98.608212 1.614016
139.800000 98.769614 1.515247
139.900000 98.921139 1.416326
140.000000 99.062771 1.317263
140.100000 99.194498 1.218068
140.200000 99.316304 1.118752
140.300000 99.428180 1.019324
140.400000 99.530112 0.919794
140.500000 99.622091 0.820172
140.600000 99.704109 0.720468
140.700000 99.776155 0.620691
140.800000 99.838225 0.520853
140.900000 99.890310 0.420963
141.000000 99.932406 0.321031
141.100000 99.964509 0.221066
141.200000 99.986616 0.121079
141.300000 99.998724 0.021081
141.400000 100.000832 -0.078920
141.500000 99.992940 -0.178913
141.600000 99.975049 -0.278888
141.700000 99.947160 -0.378835
141.800000 99.909276 -0.478745
141.900000 99.861402 -0.578606
142.000000 99.803541 -0.678410
142.100000 99.735700 -0.778145
142.200000 99.657886 -0.877803
142.300000 99.570105 -0.977373
142.400000 99.472368 -1.076846
142.500000 99.364683 -1.176210
142.600000 99.247062 -1.275457
142.700000 99.119517 -1.374577
142.800000 98.982059 -1.473559
142.900000 98.834703 -1.572394
143.000000 98.677464 -1.671071
143.100000 98.510357 -1.769581
143.200000 98.333399 -1.867915
143.300000 98.146607 -1.966061
143.400000 97.950001 -2.064011
143.500000 97.743600 -2.161755
143.600000 97.527424 -2.259282
143.700000 97.301496 -2.356584
143.800000 97.065838 -2.453650
143.900000 96.820473 -2.550470
144.000000 96.565426 -2.647036
144.100000 96.300722 -2.743336
144.200000 96.026388 -2.839363
144.300000 95.742452 -2.935105
144.400000 95.448942 -3.030554
144.500000 95.145886 -3.125700
144.600000 94.833316 -3.220533
144.700000 94.511263 -3.315045
144.800000 94.179758 -3.409224
144.900000 93.838836 -3.503063
145.000000 93.488530 -3.596552
145.100000 93.128874 -3.689681
145.200000 92.759906 -3.782441
145.300000 92.381662 -3.874822
145.400000 91.994180 -3.966816
145.500000 91.597498 -4.058414
145.600000 91.191657 -4.149606
145.700000 90.776697 -4.240382
145.800000 90.352658 -4.330735
145.900000 89.919585 -4.420654
146.000000 89.477519 -4.510132
146.100000 89.026506 -4.599159
146.200000 88.566590 -4.687725
146.300000 88.097818 -4.775823
146.400000 87.620236 -4.863443
146.500000 87.133891 -4.950577
146.600000 86.638834 -5.037216
146.700000 86.135112 -5.123351
146.800000 85.622777 -5.208974
146.900000 85.101879 -5.294076
147.000000 84.572472 -5.378648
147.100000 84.034607 -5.462683
147.200000 83.488339 -5.546171
147.300000 82.933722 -5.629105
147.400000 82.370811 -5.711476
147.500000 81.799664 -5.793275
147.600000 81.220336 -5.874496
147.700000 80.632887 -5.955128
147.800000 80.037374 -6.035166
147.900000 79.433857 -6.114600
148.000000 78.822397 -6.193422
148.100000 78.203055 -6.271625
148.200000 77.575892 -6.349201
148.300000 76.940972 -6.426142
148.400000 76.298358 -6.502440
148.500000 75.648114 -6.578089
148.600000 74.990305 -6.653079
148.700000 74.324997 -6.727404
148.800000 73.652257 -6.801056
148.900000 72.972151 -6.874028
149.000000 72.284749 -6.946313
149.100000 71.590117 -7.017903
149.200000 70.888327 -7.088791
149.300000 70.179448 -7.158971
149.400000 69.463551 -7.228434
149.500000 68.740707 -7.297175
149.600000 68.010990 -7.365186
149.700000 67.274471 -7.432461
149.800000 66.531225 -7.498992
149.900000 65.781326 -7.564773
150.000000 65.024849 -7.629798
150.100000 64.261869 -7.694060
150.200000 63.492463 -7.757552
150.300000 62.716708 -7.820269
150.400000 61.934681 -7.882204
150.500000 61.146460 -7.943350
150.600000 60.352125 -8.003702
150.700000 59.551755 -8.063254
150.800000 58.745430 -8.121999
150.900000 57.933230 -8.179933
151.000000 57.115236 -8.237048
151.100000 56.291532 -8.293339
151.200000 55.462198 -8.348802
151.300000 54.627318 -8.403429
151.400000 53.786975 -8.457216
151.500000 52.941253 -8.510157
151.600000 52.090237 -8.562247
151.700000 51.234013 -8.613481
151.800000 50.372664 -8.663854
151.900000 49.506279 -8.713360
152.000000 48.634943 -8.761995
152.100000 47.758743 -8.809754
152.200000 46.877768 -8.856632
152.300000 45.992105 -8.902624
152.400000 45.101842 -8.947726
152.500000 44.207070 -8.991933
152.600000 43.307877 -9.035241
152.700000 42.404353 -9.077645
152.800000 41.496588 -9.119142
152.900000 40.584674 -9.159726
153.000000 39.668701 -9.199395
153.100000 38.748762 -9.238144
153.200000 37.824947 -9.275969
153.300000 36.897350 -9.312866
153.400000 35.966064 -9.348832
153.500000 35.031181 -9.383863
153.600000 34.092794 -9.417956
153.700000 33.150999 -9.451107
153.800000 32.205888 -9.483313
153.900000 31.257557 -9.514571
154.000000 30.306100 -9.544877
154.100000 29.351612 -9.574228
154.200000 28.394189 -9.602623
154.300000 27.433927 -9.630056
154.400000 26.470921 -9.656527
154.500000 25.505268 -9.682033
154.600000 24.537065 -9.706570
154.700000 23.566408 -9.730136
154.800000 22.593395 -9.752729
154.900000 21.618122 -9.774348
155.000000 20.640687 -9.794988
155.100000 19.661188 -9.814649
155.200000 18.679723 -9.833329
155.300000 17.696390 -9.851026
155.400000 16.711288 -9.867737
155.500000 15.724514 -9.883461
155.600000 14.736168 -9.898198
155.700000 13.746348 -9.911944
155.800000 12.755154 -9.924699
155.900000 11.762684 -9.936462
156.000000 10.769038 -9.947231
156.100000 9.774315 -9.957005
156.200000 8.778614 -9.965784
156.300000 7.782036 -9.973566
156.400000 6.784679 -9.980350
156.500000 5.786644 -9.986137
156.600000 4.788030 -9.990925
156.700000 3.788938 -9.994714
156.800000 2.789466 -9.997504
156.900000 1.789716 -9.999293
157.000000 0.789787 -10.000083
157.100000 -0.210222 -9.999873
157.200000 -1.210209 -9.998663
157.300000 -2.210075 -9.996453
157.400000 -3.209720 -9.993243
157.500000 -4.209045 -9.989034
157.600000 -5.207948 -9.983826
157.700000 -6.206331 -9.977619
157.800000 -7.204093 -9.970415
157.900000 -8.201134 -9.962214
158.000000 -9.197356 -9.953017
158.100000 -10.192657 -9.942824
158.200000 -11.186940 -9.931637
158.300000 -12.180103 -9.919457
158.400000 -13.172049 -9.906285
158.500000 -14.162678 -9.892122
158.600000 -15.151890 -9.876971
158.700000 -16.139587 -9.860831
158.800000 -17.125670 -9.843705
158.900000 -18.110041 -9.825595
159.000000 -19.092600 -9.806503
159.100000 -20.073250 -9.786429
159.200000 -21.051893 -9.765378
159.300000 -22.028431 -9.743349
159.400000 -23.002766 -9.720346
159.500000 -23.974801 -9.696372
159.600000 -24.944438 -9.671427
159.700000 -25.911580 -9.645516
159.800000 -26.876132 -9.618639
159.900000 -27.837996 -9.590801
160.000000 -28.797076 -9.562004
160.100000 -29.753276 -9.532251
160.200000 -30.706502 -9.501545
160.300000 -31.656656 -9.469888
160.400000 -32.603645 -9.437284
160.500000 -33.547373 -9.403737
160.600000 -34.487747 -9.369249
160.700000 -35.424672 -9.333824
160.800000 -36.358054 -9.297466
160.900000 -37.287801 -9.260179
161.000000 -38.213819 -9.221965
161.100000 -39.136015 -9.182829
161.200000 -40.054298 -9.142774
161.300000 -40.968576 -9.101806
161.400000 -41.878756 -9.059927
161.500000 -42.784749 -9.017142
161.600000 -43.686463 -8.973456
161.700000 -44.583809 -8.928872
161.800000 -45.476696 -8.883395
161.900000 -46.365035 -8.837030
162.000000 -47.248738 -8.789782
162.100000 -48.127717 -8.741654
162.200000 -49.001882 -8.692652
162.300000 -49.871147 -8.642781
162.400000 -50.735425 -8.592045
162.500000 -51.594630 -8.540451
162.600000 -52.448675 -8.488002
162.700000 -53.297475 -8.434705
162.800000 -54.140946 -8.380564
162.900000 -54.979002 -8.325585
163.000000 -55.811560 -8.269773
163.100000 -56.638538 -8.213135
163.200000 -57.459851 -8.155675
163.300000 -58.275419 -8.097399
163.400000 -59.085159 -8.038314
163.500000 -59.888990 -7.978425
163.600000 -60.686833 -7.917738
163.700000 -61.478606 -7.856260
163.800000 -62.264232 -7.793996
163.900000 -63.043632 -7.730952
164.000000 -63.816727 -7.667135
164.100000 -64.583441 -7.602552
164.200000 -65.343696 -7.537208
164.300000 -66.097417 -7.471111
164.400000 -66.844528 -7.404266
164.500000 -67.584954 -7.336681
164.600000 -68.318622 -7.268363
164.700000 -69.045459 -7.199317
164.800000 -69.765390 -7.129552
164.900000 -70.478346 -7.059073
165.000000 -71.184253 -6.987889
165.100000 -71.883042 -6.916006
165.200000 -72.574642 -6.843431
165.300000 -73.258986 -6.770172
165.400000 -73.936003 -6.696236
165.500000 -74.605626 -6.621631
165.600000 -75.267790 -6.546363
165.700000 -75.922426 -6.470441
165.800000 -76.569470 -6.393871
165.900000 -77.208857 -6.316662
166.000000 -77.840523 -6.238822
166.100000 -78.464405 -6.160357
166.200000 -79.080441 -6.081277
166.300000 -79.688569 -6.001588
166.400000 -80.288728 -5.921300
166.500000 -80.880858 -5.840419
166.600000 -81.464899 -5.758954
166.700000 -82.040795 -5.676913
166.800000 -82.608486 -5.594305
166.900000 -83.167917 -5.511137
167.000000 -83.719030 -5.427418
167.100000 -84.261772 -5.343156
167.200000 -84.796088 -5.258360
167.300000 -85.321924 -5.173038
167.400000 -85.839227 -5.087199
167.500000 -86.347947 -5.000851
167.600000 -86.848032 -4.914003
167.700000 -87.339433 -4.826663
167.800000 -87.822099 -4.738841
167.900000 -88.295983 -4.650545
168.000000 -88.761037 -4.561784
168.100000 -89.217216 -4.472567
168.200000 -89.664473 -4.382902
168.300000 -90.102763 -4.292800
168.400000 -90.532043 -4.202268
168.500000 -90.952269 -4.111315
168.600000 -91.363401 -4.019952
168.700000 -91.765396 -3.928186
168.800000 -92.158215 -3.836028
168.900000 -92.541818 -3.743486
169.000000 -92.916166 -3.650570
169.100000 -93.281223 -3.557289
169.200000 -93.636952 -3.463652
169.300000 -93.983317 -3.369669
169.400000 -94.320284 -3.275349
169.500000 -94.647819 -3.180701
169.600000 -94.965889 -3.085735
169.700000 -95.274463 -2.990460
169.800000 -95.573509 -2.894887
169.900000 -95.862997 -2.799024
170.000000 -96.142900 -2.702881
170.100000 -96.413188 -2.606468
170.200000 -96.673835 -2.509794
170.300000 -96.924814 -2.412869
170.400000 -97.166101 -2.315703
170.500000 -97.397671 -2.218305
170.600000 -97.619502 -2.120686
170.700000 -97.831570 -2.022854
170.800000 -98.033856 -1.924820
170.900000 -98.226338 -1.826594
171.000000 -98.408997 -1.728185
171.100000 -98.581816 -1.629603
171.200000 -98.744776 -1.530858
171.300000 -98.897862 -1.431961
171.400000 -99.041058 -1.332920
171.500000 -99.174350 -1.233745
171.600000 -99.297724 -1.134447
171.700000 -99.411169 -1.035036
171.800000 -99.514673 -0.935522
171.900000 -99.608225 -0.835913
172.000000 -99.691816 -0.736222
172.100000 -99.765439 -0.636456
172.200000 -99.829084 -0.536627
172.300000 -99.882747 -0.436744
172.400000 -99.926421 -0.336818
172.500000 -99.960103 -0.236858
172.600000 -99.983789 -0.136874
172.700000 -99.997476 -0.036877
172.800000 -100.001164 0.063125
172.900000 -99.994851 0.163119
173.000000 -99.978539 0.263098
173.100000 -99.952230 0.363050
173.200000 -99.915925 0.462966
173.300000 -99.869628 0.562836
173.400000 -99.813344 0.662649
173.500000 -99.747080 0.762396
173.600000 -99.670840 0.862067
173.700000 -99.584633 0.961652
173.800000 -99.488468 1.061140
173.900000 -99.382354 1.160523
174.000000 -99.266302 1.259789
174.100000 -99.140323 1.358929
174.200000 -99.004430 1.457934
174.300000 -98.858637 1.556792
174.400000 -98.702957 1.655495
174.500000 -98.537408 1.754033
174.600000 -98.362005 1.852395
174.700000 -98.176765 1.950571
174.800000 -97.981708 2.048553
174.900000 -97.776853 2.146330
175.000000 -97.562220 2.243892
175.100000 -97.337831 2.341230
175.200000 -97.103708 2.438334
175.300000 -96.859874 2.535194
175.400000 -96.606355 2.631800
175.500000 -96.343175 2.728143
175.600000 -96.070360 2.824213
175.700000 -95.787939 2.920001
175.800000 -95.495939 3.015497
175.900000 -95.194389 3.110692
176.000000 -94.883320 3.205575
176.100000 -94.562763 3.300138
176.200000 -94.232749 3.394371
176.300000 -93.893312 3.488264
176.400000 -93.544485 3.581808
176.500000 -93.186305 3.674995
176.600000 -92.818805 3.767813
176.700000 -92.442024 3.860255
176.800000 -92.055998 3.952311
176.900000 -91.660767 4.043972
177.000000 -91.256370 4.135229
177.100000 -90.842847 4.226071
177.200000 -90.420240 4.316492
177.300000 -89.988591 4.406480
177.400000 -89.547943 4.496028
177.500000 -89.098340 4.585127
177.600000 -88.639827 4.673766
177.700000 -88.172451 4.761939
177.800000 -87.696257 4.849635
177.900000 -87.211293 4.936846
178.000000 -86.717608 5.023564
178.100000 -86.215252 5.109779
178.200000 -85.704274 5.195484
178.300000 -85.184726 5.280668
178.400000 -84.656659 5.365325
178.500000 -84.120126 5.449445
178.600000 -83.575182 5.533020
178.700000 -83.021880 5.616042
178.800000 -82.460276 5.698502
178.900000 -81.890426 5.780393
179.000000 -81.312386 5.861705
179.100000 -80.726216 5.942431
179.200000 -80.131973 6.022563
179.300000 -79.529716 6.102093
179.400000 -78.919507 6.181013
179.500000 -78.301406 6.259314
179.600000 -77.675474 6.336989
179.700000 -77.041775 6.414031
179.800000 -76.400372 6.490432
179.900000 -75.751329 6.566183
180.000000 -75.094711 6.641278
